    0.999999974737875163555145263671875000000000E-04    0.443784698486328125000000000000000000000000E+03
    0.102020130725577473640441894531250000000000E-03    0.452433044433593750000000000000000000000000E+03
    0.104081082099582999944686889648437500000000E-03    0.461249725341796875000000000000000000000000E+03
    0.106183659227099269628524780273437500000000E-03    0.470238037109375000000000000000000000000000E+03
    0.108328706119209527969360351562500000000000E-03    0.479401306152343750000000000000000000000000E+03
    0.110517095890827476978302001953125000000000E-03    0.488742889404296875000000000000000000000000E+03
    0.112749679828993976116180419921875000000000E-03    0.498266296386718750000000000000000000000000E+03
    0.115027374704368412494659423828125000000000E-03    0.507975006103515625000000000000000000000000E+03
    0.117351090011652559041976928710937500000000E-03    0.517872619628906250000000000000000000000000E+03
    0.119721727969590574502944946289062500000000E-03    0.527962768554687500000000000000000000000000E+03
    0.122140278108417987823486328125000000000000E-03    0.538249267578125000000000000000000000000000E+03
    0.124607671750709414482116699218750000000000E-03    0.548735778808593750000000000000000000000000E+03
    0.127124920254573225975036621093750000000000E-03    0.559426269531250000000000000000000000000000E+03
    0.129692998598329722881317138671875000000000E-03    0.570324645996093750000000000000000000000000E+03
    0.132312969071790575981140136718750000000000E-03    0.581434997558593750000000000000000000000000E+03
    0.134985879412852227687835693359375000000000E-03    0.592761291503906250000000000000000000000000E+03
    0.137712777359411120414733886718750000000000E-03    0.604307739257812500000000000000000000000000E+03
    0.140494754305109381675720214843750000000000E-03    0.616078674316406250000000000000000000000000E+03
    0.143332930747419595718383789062500000000000E-03    0.628078308105468750000000000000000000000000E+03
    0.146228456287644803524017333984375000000000E-03    0.640311157226562500000000000000000000000000E+03
    0.149182465975172817707061767578125000000000E-03    0.652781677246093750000000000000000000000000E+03
    0.152196153067052364349365234375000000000000E-03    0.665494384765625000000000000000000000000000E+03
    0.155270710820332169532775878906250000000000E-03    0.678454101562500000000000000000000000000000E+03
    0.158407390699721872806549072265625000000000E-03    0.691665466308593750000000000000000000000000E+03
    0.161607444169931113719940185546875000000000E-03    0.705133361816406250000000000000000000000000E+03
    0.164872122695669531822204589843750000000000E-03    0.718862731933593750000000000000000000000000E+03
    0.168202750501222908496856689453125000000000E-03    0.732858642578125000000000000000000000000000E+03
    0.171600666362792253494262695312500000000000E-03    0.747126159667968750000000000000000000000000E+03
    0.175067238160409033298492431640625000000000E-03    0.761670593261718750000000000000000000000000E+03
    0.178603833774104714393615722656250000000000E-03    0.776497253417968750000000000000000000000000E+03
    0.182211864739656448364257812500000000000000E-03    0.791611511230468750000000000000000000000000E+03
    0.185892800800502300262451171875000000000000E-03    0.807018981933593750000000000000000000000000E+03
    0.189648068044334650039672851562500000000000E-03    0.822725219726562500000000000000000000000000E+03
    0.193479223526082932949066162109375000000000E-03    0.838736083984375000000000000000000000000000E+03
    0.197387780644930899143218994140625000000000E-03    0.855057312011718750000000000000000000000000E+03
    0.201375267351977527141571044921875000000000E-03    0.871694946289062500000000000000000000000000E+03
    0.205443298909813165664672851562500000000000E-03    0.888655029296875000000000000000000000000000E+03
    0.209593548788689076900482177734375000000000E-03    0.905943725585937500000000000000000000000000E+03
    0.213827603147365152835845947265625000000000E-03    0.923567321777343750000000000000000000000000E+03
    0.218147222767584025859832763671875000000000E-03    0.941532104492187500000000000000000000000000E+03
    0.222554081119596958160400390625000000000000E-03    0.959844665527343750000000000000000000000000E+03
    0.227049968088977038860321044921875000000000E-03    0.978511535644531250000000000000000000000000E+03
    0.231636688113212585449218750000000000000000E-03    0.997539428710937500000000000000000000000000E+03
    0.236316060181707143783569335937500000000000E-03    0.101693530273437500000000000000000000000000E+04
    0.241089961491525173187255859375000000000000E-03    0.103670605468750000000000000000000000000000E+04
    0.245960312895476818084716796875000000000000E-03    0.105685876464843750000000000000000000000000E+04
    0.250929006142541766166687011718750000000000E-03    0.107740075683593750000000000000000000000000E+04
    0.255998136708512902259826660156250000000000E-03    0.109833935546875000000000000000000000000000E+04
    0.261169654550030827522277832031250000000000E-03    0.111968212890625000000000000000000000000000E+04
    0.266445596935227513313293457031250000000000E-03    0.114143652343750000000000000000000000000000E+04
    0.271828175755217671394348144531250000000000E-03    0.116361059570312500000000000000000000000000E+04
    0.277319486485794186592102050781250000000000E-03    0.118621203613281250000000000000000000000000E+04
    0.282921682810410857200622558593750000000000E-03    0.120924902343750000000000000000000000000000E+04
    0.288637093035504221916198730468750000000000E-03    0.123272973632812500000000000000000000000000E+04
    0.294467929052188992500305175781250000000000E-03    0.125666247558593750000000000000000000000000E+04
    0.300416606478393077850341796875000000000000E-03    0.128105590820312500000000000000000000000000E+04
    0.306485395412892103195190429687500000000000E-03    0.130591857910156250000000000000000000000000E+04
    0.312676827888935804367065429687500000000000E-03    0.133125939941406250000000000000000000000000E+04
    0.318993290420621633529663085937500000000000E-03    0.135708728027343750000000000000000000000000E+04
    0.325437402352690696716308593750000000000000E-03    0.138341137695312500000000000000000000000000E+04
    0.332011666614562273025512695312500000000000E-03    0.141024096679687500000000000000000000000000E+04
    0.338718760758638381958007812500000000000000E-03    0.143758557128906250000000000000000000000000E+04
    0.345561362337321043014526367187500000000000E-03    0.146545471191406250000000000000000000000000E+04
    0.352542119799181818962097167968750000000000E-03    0.149385815429687500000000000000000000000000E+04
    0.359663943527266383171081542968750000000000E-03    0.152280541992187500000000000000000000000000E+04
    0.366929627489298582077026367187500000000000E-03    0.155230676269531250000000000000000000000000E+04
    0.374342111172154545783996582031250000000000E-03    0.158237207031250000000000000000000000000000E+04
    0.381904304958879947662353515625000000000000E-03    0.161301196289062500000000000000000000000000E+04
    0.389619322959333658218383789062500000000000E-03    0.164423681640625000000000000000000000000000E+04
    0.397490162868052721023559570312500000000000E-03    0.167605725097656250000000000000000000000000E+04
    0.405519997002556920051574707031250000000000E-03    0.170848413085937500000000000000000000000000E+04
    0.413712026784196496009826660156250000000000E-03    0.174152844238281250000000000000000000000000E+04
    0.422069540945813059806823730468750000000000E-03    0.177520153808593750000000000000000000000000E+04
    0.430595915531739592552185058593750000000000E-03    0.180951477050781250000000000000000000000000E+04
    0.439294555690139532089233398437500000000000E-03    0.184447961425781250000000000000000000000000E+04
    0.448168895673006772994995117187500000000000E-03    0.188010803222656250000000000000000000000000E+04
    0.457222486147657036781311035156250000000000E-03    0.191641186523437500000000000000000000000000E+04
    0.466458965092897415161132812500000000000000E-03    0.195340319824218750000000000000000000000000E+04
    0.475882086902856826782226562500000000000000E-03    0.199109460449218750000000000000000000000000E+04
    0.485495547764003276824951171875000000000000E-03    0.202949853515625000000000000000000000000000E+04
    0.495303189381957054138183593750000000000000E-03    0.206862768554687500000000000000000000000000E+04
    0.505309028085321187973022460937500000000000E-03    0.210849536132812500000000000000000000000000E+04
    0.515516963787376880645751953125000000000000E-03    0.214911425781250000000000000000000000000000E+04
    0.525931071024388074874877929687500000000000E-03    0.219049829101562500000000000000000000000000E+04
    0.536555540747940540313720703125000000000000E-03    0.223266064453125000000000000000000000000000E+04
    0.547394680324941873550415039062500000000000E-03    0.227561523437500000000000000000000000000000E+04
    0.558452797122299671173095703125000000000000E-03    0.231937622070312500000000000000000000000000E+04
    0.569734314922243356704711914062500000000000E-03    0.236395751953125000000000000000000000000000E+04
    0.581243715714663267135620117187500000000000E-03    0.240937329101562500000000000000000000000000E+04
    0.592985597904771566390991210937500000000000E-03    0.245563793945312500000000000000000000000000E+04
    0.604964734520763158798217773437500000000000E-03    0.250276586914062500000000000000000000000000E+04
    0.617185782175511121749877929687500000000000E-03    0.255077172851562500000000000000000000000000E+04
    0.629653746727854013442993164062500000000000E-03    0.259967041015625000000000000000000000000000E+04
    0.642373692244291305541992187500000000000000E-03    0.264947753906250000000000000000000000000000E+04
    0.655350449960678815841674804687500000000000E-03    0.270020800781250000000000000000000000000000E+04
    0.668589433189481496810913085937500000000000E-03    0.275187744140625000000000000000000000000000E+04
    0.682095822412520647048950195312500000000000E-03    0.280450170898437500000000000000000000000000E+04
    0.695875030942261219024658203125000000000000E-03    0.285809667968750000000000000000000000000000E+04
    0.709932646714150905609130859375000000000000E-03    0.291267871093750000000000000000000000000000E+04
    0.724274199455976486206054687500000000000000E-03    0.296826416015625000000000000000000000000000E+04
    0.738905626349151134490966796875000000000000E-03    0.302486962890625000000000000000000000000000E+04
    0.753832457121461629867553710937500000000000E-03    0.308251196289062500000000000000000000000000E+04
    0.769060861784964799880981445312500000000000E-03    0.314120849609375000000000000000000000000000E+04
    0.784596893936395645141601562500000000000000E-03    0.320097583007812500000000000000000000000000E+04
    0.800446781795471906661987304687500000000000E-03    0.326183227539062500000000000000000000000000E+04
    0.816616869997233152389526367187500000000000E-03    0.332379492187500000000000000000000000000000E+04
    0.833113677799701690673828125000000000000000E-03    0.338688183593750000000000000000000000000000E+04
    0.849943608045578002929687500000000000000000E-03    0.345111157226562500000000000000000000000000E+04
    0.867113587446510791778564453125000000000000E-03    0.351650219726562500000000000000000000000000E+04
    0.884630659129470586776733398437500000000000E-03    0.358307226562500000000000000000000000000000E+04
    0.902501342352479696273803710937500000000000E-03    0.365084106445312500000000000000000000000000E+04
    0.920733029488474130630493164062500000000000E-03    0.371982690429687500000000000000000000000000E+04
    0.939333112910389900207519531250000000000000E-03    0.379004858398437500000000000000000000000000E+04
    0.958308868575841188430786132812500000000000E-03    0.386152441406250000000000000000000000000000E+04
    0.977667979896068572998046875000000000000000E-03    0.393427270507812500000000000000000000000000E+04
    0.997418188489973545074462890625000000000000E-03    0.400831274414062500000000000000000000000000E+04
    0.101756735239177942276000976562500000000000E-02    0.408366259765625000000000000000000000000000E+04
    0.103812362067401409149169921875000000000000E-02    0.416034179687500000000000000000000000000000E+04
    0.105909502599388360977172851562500000000000E-02    0.423836914062500000000000000000000000000000E+04
    0.108049006666988134384155273437500000000000E-02    0.431776367187500000000000000000000000000000E+04
    0.110231747385114431381225585937500000000000E-02    0.439854492187500000000000000000000000000000E+04
    0.112458574585616588592529296875000000000000E-02    0.448073193359375000000000000000000000000000E+04
    0.114730407949537038803100585937500000000000E-02    0.456434521484375000000000000000000000000000E+04
    0.117048120591789484024047851562500000000000E-02    0.464940332031250000000000000000000000000000E+04
    0.119412643834948539733886718750000000000000E-02    0.473592626953125000000000000000000000000000E+04
    0.121824943926185369491577148437500000000000E-02    0.482393408203125000000000000000000000000000E+04
    0.124285963829606771469116210937500000000000E-02    0.491344677734375000000000000000000000000000E+04
    0.126796704716980457305908203125000000000000E-02    0.500448388671875000000000000000000000000000E+04
    0.129358167760074138641357421875000000000000E-02    0.509706591796875000000000000000000000000000E+04
    0.131971365772187709808349609375000000000000E-02    0.519121289062500000000000000000000000000000E+04
    0.134637358132749795913696289062500000000000E-02    0.528694482421875000000000000000000000000000E+04
    0.137357215862721204757690429687500000000000E-02    0.538428222656250000000000000000000000000000E+04
    0.140132009983062744140625000000000000000000E-02    0.548324560546875000000000000000000000000000E+04
    0.142962858080863952636718750000000000000000E-02    0.558385449218750000000000000000000000000000E+04
    0.145850901026278734207153320312500000000000E-02    0.568612988281250000000000000000000000000000E+04
    0.148797314614057540893554687500000000000000E-02    0.579009179687500000000000000000000000000000E+04
    0.151803228072822093963623046875000000000000E-02    0.589576074218750000000000000000000000000000E+04
    0.154869852121919393539428710937500000000000E-02    0.600315527343750000000000000000000000000000E+04
    0.157998420763760805130004882812500000000000E-02    0.611229199218750000000000000000000000000000E+04
    0.161190202925354242324829101562500000000000E-02    0.622318945312500000000000000000000000000000E+04
    0.164446467533707618713378906250000000000000E-02    0.633586425781250000000000000000000000000000E+04
    0.167768495157361030578613281250000000000000E-02    0.645033398437500000000000000000000000000000E+04
    0.171157636214047670364379882812500000000000E-02    0.656661523437500000000000000000000000000000E+04
    0.174615241121500730514526367187500000000000E-02    0.668472412109375000000000000000000000000000E+04
    0.178142695222049951553344726562500000000000E-02    0.680467773437500000000000000000000000000000E+04
    0.181741418782621622085571289062500000000000E-02    0.692649072265625000000000000000000000000000E+04
    0.185412843711674213409423828125000000000000E-02    0.705017968750000000000000000000000000000000E+04
    0.189158413559198379516601562500000000000000E-02    0.717575927734375000000000000000000000000000E+04
    0.192979711573570966720581054687500000000000E-02    0.730324462890625000000000000000000000000000E+04
    0.196878169663250446319580078125000000000000E-02    0.743264990234375000000000000000000000000000E+04
    0.200855359435081481933593750000000000000000E-02    0.756398925781250000000000000000000000000000E+04
    0.204912899062037467956542968750000000000000E-02    0.769727636718750000000000000000000000000000E+04
    0.209052418358623981475830078125000000000000E-02    0.783252392578125000000000000000000000000000E+04
    0.213275570422410964965820312500000000000000E-02    0.796974462890625000000000000000000000000000E+04
    0.217583985067903995513916015625000000000000E-02    0.810895117187500000000000000000000000000000E+04
    0.221979478374123573303222656250000000000000E-02    0.825015429687500000000000000000000000000000E+04
    0.226463773287832736968994140625000000000000E-02    0.839336523437500000000000000000000000000000E+04
    0.231038639321923255920410156250000000000000E-02    0.853859472656250000000000000000000000000000E+04
    0.235705915838479995727539062500000000000000E-02    0.868585253906250000000000000000000000000000E+04
    0.240467488765716552734375000000000000000000E-02    0.883514746093750000000000000000000000000000E+04
    0.245325244031846523284912109375000000000000E-02    0.898648828125000000000000000000000000000000E+04
    0.250281183980405330657958984375000000000000E-02    0.913988183593750000000000000000000000000000E+04
    0.255337217822670936584472656250000000000000E-02    0.929533105468750000000000000000000000000000E+04
    0.260495371185243129730224609375000000000000E-02    0.945283496093750000000000000000000000000000E+04
    0.265757716260850429534912109375000000000000E-02    0.961239453125000000000000000000000000000000E+04
    0.271126371808350086212158203125000000000000E-02    0.977400585937500000000000000000000000000000E+04
    0.276603479869663715362548828125000000000000E-02    0.993766699218750000000000000000000000000000E+04
    0.282191229052841663360595703125000000000000E-02    0.101033720703125000000000000000000000000000E+05
    0.287891877815127372741699218750000000000000E-02    0.102711152343750000000000000000000000000000E+05
    0.293707661330699920654296875000000000000000E-02    0.104408886718750000000000000000000000000000E+05
    0.299640954472124576568603515625000000000000E-02    0.106126845703125000000000000000000000000000E+05
    0.305694085545837879180908203125000000000000E-02    0.107864921875000000000000000000000000000000E+05
    0.311869522556662559509277343750000000000000E-02    0.109622998046875000000000000000000000000000E+05
    0.318169780075550079345703125000000000000000E-02    0.111400937500000000000000000000000000000000E+05
    0.324597232975065708160400390625000000000000E-02    0.113198603515625000000000000000000000000000E+05
    0.331154512241482734680175781250000000000000E-02    0.115015810546875000000000000000000000000000E+05
    0.337844272144138813018798828125000000000000E-02    0.116852382812500000000000000000000000000000E+05
    0.344669190235435962677001953125000000000000E-02    0.118708134765625000000000000000000000000000E+05
    0.351631967350840568542480468750000000000000E-02    0.120582832031250000000000000000000000000000E+05
    0.358735374175012111663818359375000000000000E-02    0.122476259765625000000000000000000000000000E+05
    0.365982321090996265411376953125000000000000E-02    0.124388144531250000000000000000000000000000E+05
    0.373375625349581241607666015625000000000000E-02    0.126318222656250000000000000000000000000000E+05
    0.380918313749134540557861328125000000000000E-02    0.128266210937500000000000000000000000000000E+05
    0.388613343238830566406250000000000000000000E-02    0.130231796875000000000000000000000000000000E+05
    0.396463880315423011779785156250000000000000E-02    0.132214638671875000000000000000000000000000E+05
    0.404472928494215011596679687500000000000000E-02    0.134214404296875000000000000000000000000000E+05
    0.412643933668732643127441406250000000000000E-02    0.136230703125000000000000000000000000000000E+05
    0.420979922637343406677246093750000000000000E-02    0.138263056640625000000000000000000000000000E+05
    0.429484248161315917968750000000000000000000E-02    0.140310908203125000000000000000000000000000E+05
    0.438160402700304985046386718750000000000000E-02    0.142373710937500000000000000000000000000000E+05
    0.447011832147836685180664062500000000000000E-02    0.144450869140625000000000000000000000000000E+05
    0.456042028963565826416015625000000000000000E-02    0.146541748046875000000000000000000000000000E+05
    0.465254718437790870666503906250000000000000E-02    0.148645712890625000000000000000000000000000E+05
    0.474653439596295356750488281250000000000000E-02    0.150762080078125000000000000000000000000000E+05
    0.484242103993892669677734375000000000000000E-02    0.152890166015625000000000000000000000000000E+05
    0.494024436920881271362304687500000000000000E-02    0.155029257812500000000000000000000000000000E+05
    0.504004349932074546813964843750000000000000E-02    0.157178593750000000000000000000000000000000E+05
    0.514185894280672073364257812500000000000000E-02    0.159337402343750000000000000000000000000000E+05
    0.524573167786002159118652343750000000000000E-02    0.161504882812500000000000000000000000000000E+05
    0.535170361399650573730468750000000000000000E-02    0.163680117187500000000000000000000000000000E+05
    0.545981479808688163757324218750000000000000E-02    0.165862128906250000000000000000000000000000E+05
    0.557011039927601814270019531250000000000000E-02    0.168049902343750000000000000000000000000000E+05
    0.568263372406363487243652343750000000000000E-02    0.170242324218750000000000000000000000000000E+05
    0.579743087291717529296875000000000000000000E-02    0.172438339843750000000000000000000000000000E+05
    0.591454654932022094726562500000000000000000E-02    0.174636757812500000000000000000000000000000E+05
    0.603402825072407722473144531250000000000000E-02    0.176836425781250000000000000000000000000000E+05
    0.615592347458004951477050781250000000000000E-02    0.179036093750000000000000000000000000000000E+05
    0.628028111532330513000488281250000000000000E-02    0.181234453125000000000000000000000000000000E+05
    0.640715099871158599853515625000000000000000E-02    0.183430175781250000000000000000000000000000E+05
    0.653658434748649597167968750000000000000000E-02    0.185621894531250000000000000000000000000000E+05
    0.666863145306706428527832031250000000000000E-02    0.187808242187500000000000000000000000000000E+05
    0.680334679782390594482421875000000000000000E-02    0.189987714843750000000000000000000000000000E+05
    0.694078346714377403259277343750000000000000E-02    0.192158671875000000000000000000000000000000E+05
    0.708099640905857086181640625000000000000000E-02    0.194319394531250000000000000000000000000000E+05
    0.722404150292277336120605468750000000000000E-02    0.196468105468750000000000000000000000000000E+05
    0.736997742205858230590820312500000000000000E-02    0.198603007812500000000000000000000000000000E+05
    0.751886051148176193237304687500000000000000E-02    0.200722226562500000000000000000000000000000E+05
    0.767075084149837493896484375000000000000000E-02    0.202823867187500000000000000000000000000000E+05
    0.782571360468864440917968750000000000000000E-02    0.204905878906250000000000000000000000000000E+05
    0.798380374908447265625000000000000000000000E-02    0.206966132812500000000000000000000000000000E+05
    0.814508739858865737915039062500000000000000E-02    0.209002460937500000000000000000000000000000E+05
    0.830962881445884704589843750000000000000000E-02    0.211012636718750000000000000000000000000000E+05
    0.847749505192041397094726562500000000000000E-02    0.212994375000000000000000000000000000000000E+05
    0.864875130355358123779296875000000000000000E-02    0.214945429687500000000000000000000000000000E+05
    0.882346741855144500732421875000000000000000E-02    0.216863281250000000000000000000000000000000E+05
    0.900171231478452682495117187500000000000000E-02    0.218745253906250000000000000000000000000000E+05
    0.918355956673622131347656250000000000000000E-02    0.220588593750000000000000000000000000000000E+05
    0.936907902359962463378906250000000000000000E-02    0.222390527343750000000000000000000000000000E+05
    0.955834705382585525512695312500000000000000E-02    0.224148222656250000000000000000000000000000E+05
    0.975143909454345703125000000000000000000000E-02    0.225858867187500000000000000000000000000000E+05
    0.994843058288097381591796875000000000000000E-02    0.227519472656250000000000000000000000000000E+05
    0.101494016125798225402832031250000000000000E-01    0.229126718750000000000000000000000000000000E+05
    0.103544332087039947509765625000000000000000E-01    0.230677285156250000000000000000000000000000E+05
    0.105636063963174819946289062500000000000000E-01    0.232167792968750000000000000000000000000000E+05
    0.107770059257745742797851562500000000000000E-01    0.233594824218750000000000000000000000000000E+05
    0.109947146847844123840332031250000000000000E-01    0.234955039062500000000000000000000000000000E+05
    0.112168220803141593933105468750000000000000E-01    0.236244941406250000000000000000000000000000E+05
    0.114434175193309783935546875000000000000000E-01    0.237460664062500000000000000000000000000000E+05
    0.116745894774794578552246093750000000000000E-01    0.238598261718750000000000000000000000000000E+05
    0.119104310870170593261718750000000000000000E-01    0.239653769531250000000000000000000000000000E+05
    0.121510382741689682006835937500000000000000E-01    0.240623242187500000000000000000000000000000E+05
    0.123965051025152206420898437500000000000000E-01    0.241502832031250000000000000000000000000000E+05
    0.126469302922487258911132812500000000000000E-01    0.242288671875000000000000000000000000000000E+05
    0.129024153575301170349121093750000000000000E-01    0.242976464843750000000000000000000000000000E+05
    0.131630674004554748535156250000000000000000E-01    0.243561738281250000000000000000000000000000E+05
    0.134289795532822608947753906250000000000000E-01    0.244040058593750000000000000000000000000000E+05
    0.137002617120742797851562500000000000000000E-01    0.244407148437500000000000000000000000000000E+05
    0.139770256355404853820800781250000000000000E-01    0.244658847656250000000000000000000000000000E+05
    0.142593793570995330810546875000000000000000E-01    0.244791074218750000000000000000000000000000E+05
    0.145474374294281005859375000000000000000000E-01    0.244799687500000000000000000000000000000000E+05
    0.148413162678480148315429687500000000000000E-01    0.244680312500000000000000000000000000000000E+05
    0.151411294937133789062500000000000000000000E-01    0.244428769531250000000000000000000000000000E+05
    0.154470009729266166687011718750000000000000E-01    0.244041093750000000000000000000000000000000E+05
    0.157590489834547042846679687500000000000000E-01    0.243513613281250000000000000000000000000000E+05
    0.160774048417806625366210937500000000000000E-01    0.242842890625000000000000000000000000000000E+05
    0.164021886885166168212890625000000000000000E-01    0.242025664062500000000000000000000000000000E+05
    0.167335346341133117675781250000000000000000E-01    0.241058652343750000000000000000000000000000E+05
    0.170715730637311935424804687500000000000000E-01    0.239938906250000000000000000000000000000000E+05
    0.174164418131113052368164062500000000000000E-01    0.238663847656250000000000000000000000000000E+05
    0.177682787179946899414062500000000000000000E-01    0.237231289062500000000000000000000000000000E+05
    0.181272197514772415161132812500000000000000E-01    0.235639453125000000000000000000000000000000E+05
    0.184934139251708984375000000000000000000000E-01    0.233887207031250000000000000000000000000000E+05
    0.188670046627521514892578125000000000000000E-01    0.231974687500000000000000000000000000000000E+05
    0.192481447011232376098632812500000000000000E-01    0.229902812500000000000000000000000000000000E+05
    0.196369830518960952758789062500000000000000E-01    0.227672890625000000000000000000000000000000E+05
    0.200336743146181106567382812500000000000000E-01    0.225286679687500000000000000000000000000000E+05
    0.204383805394172668457031250000000000000000E-01    0.222746386718750000000000000000000000000000E+05
    0.208512637764215469360351562500000000000000E-01    0.220054804687500000000000000000000000000000E+05
    0.212724860757589340209960937500000000000000E-01    0.217216562500000000000000000000000000000000E+05
    0.217022281140089035034179687500000000000000E-01    0.214237558593750000000000000000000000000000E+05
    0.221406426280736923217773437500000000000000E-01    0.211123945312500000000000000000000000000000E+05
    0.225879121571779251098632812500000000000000E-01    0.207882167968750000000000000000000000000000E+05
    0.230442192405462265014648437500000000000000E-01    0.204518925781250000000000000000000000000000E+05
    0.235097426921129226684570312500000000000000E-01    0.201041250000000000000000000000000000000000E+05
    0.239846706390380859375000000000000000000000E-01    0.197459707031250000000000000000000000000000E+05
    0.244691912084817886352539062500000000000000E-01    0.193788671875000000000000000000000000000000E+05
    0.249635018408298492431640625000000000000000E-01    0.190042343750000000000000000000000000000000E+05
    0.254677981138229370117187500000000000000000E-01    0.186234453125000000000000000000000000000000E+05
    0.259822811931371688842773437500000000000000E-01    0.182378125000000000000000000000000000000000E+05
    0.265071578323841094970703125000000000000000E-01    0.178485957031250000000000000000000000000000E+05
    0.270426385104656219482421875000000000000000E-01    0.174567949218750000000000000000000000000000E+05
    0.275889337062835693359375000000000000000000E-01    0.170629140625000000000000000000000000000000E+05
    0.281462669372558593750000000000000000000000E-01    0.166673808593750000000000000000000000000000E+05
    0.287148579955101013183593750000000000000000E-01    0.162706318359375000000000000000000000000000E+05
    0.292949359863996505737304687500000000000000E-01    0.158730986328125000000000000000000000000000E+05
    0.298867337405681610107421875000000000000000E-01    0.154752119140625000000000000000000000000000E+05
    0.304904840886592864990234375000000000000000E-01    0.150777597656250000000000000000000000000000E+05
    0.311064328998327255249023437500000000000000E-01    0.146832246093750000000000000000000000000000E+05
    0.317348241806030273437500000000000000000000E-01    0.142943798828125000000000000000000000000000E+05
    0.323759093880653381347656250000000000000000E-01    0.139137177734375000000000000000000000000000E+05
    0.330299474298954010009765625000000000000000E-01    0.135434687500000000000000000000000000000000E+05
    0.336971953511238098144531250000000000000000E-01    0.131856123046875000000000000000000000000000E+05
    0.343779213726520538330078125000000000000000E-01    0.128416669921875000000000000000000000000000E+05
    0.350724011659622192382812500000000000000000E-01    0.125104931640625000000000000000000000000000E+05
    0.357809104025363922119140625000000000000000E-01    0.121895449218750000000000000000000000000000E+05
    0.365037508308887481689453125000000000000000E-01    0.118764824218750000000000000000000000000000E+05
    0.372411720454692840576171875000000000000000E-01    0.115691806640625000000000000000000000000000E+05
    0.379934944212436676025390625000000000000000E-01    0.112657246093750000000000000000000000000000E+05
    0.387610122561454772949218750000000000000000E-01    0.109644335937500000000000000000000000000000E+05
    0.395440347492694854736328125000000000000000E-01    0.106651162109375000000000000000000000000000E+05
    0.403428785502910614013671875000000000000000E-01    0.103691279296875000000000000000000000000000E+05
    0.411578565835952758789062500000000000000000E-01    0.100777792968750000000000000000000000000000E+05
    0.419893004000186920166015625000000000000000E-01    0.979224218750000000000000000000000000000000E+04
    0.428375415503978729248046875000000000000000E-01    0.951355371093750000000000000000000000000000E+04
    0.437029153108596801757812500000000000000000E-01    0.924263085937500000000000000000000000000000E+04
    0.445857718586921691894531250000000000000000E-01    0.898061816406250000000000000000000000000000E+04
    0.454864650964736938476562500000000000000000E-01    0.872931542968750000000000000000000000000000E+04
    0.464053489267826080322265625000000000000000E-01    0.849040917968750000000000000000000000000000E+04
    0.473427996039390563964843750000000000000000E-01    0.826537695312500000000000000000000000000000E+04
    0.482991859316825866699218750000000000000000E-01    0.805552099609375000000000000000000000000000E+04
    0.492748953402042388916015625000000000000000E-01    0.786199218750000000000000000000000000000000E+04
    0.502703115344047546386718750000000000000000E-01    0.768530761718750000000000000000000000000000E+04
    0.512858368456363677978515625000000000000000E-01    0.752342822265625000000000000000000000000000E+04
    0.523218810558319091796875000000000000000000E-01    0.737373681640625000000000000000000000000000E+04
    0.533788502216339111328125000000000000000000E-01    0.723383154296875000000000000000000000000000E+04
    0.544571764767169952392578125000000000000000E-01    0.710148974609375000000000000000000000000000E+04
    0.555572807788848876953125000000000000000000E-01    0.697465039062500000000000000000000000000000E+04
    0.566796138882637023925781250000000000000000E-01    0.685142333984375000000000000000000000000000E+04
    0.578246153891086578369140625000000000000000E-01    0.673039941406250000000000000000000000000000E+04
    0.589927472174167633056640625000000000000000E-01    0.661047802734375000000000000000000000000000E+04
    0.601844787597656250000000000000000000000000E-01    0.649063916015625000000000000000000000000000E+04
    0.614003166556358337402343750000000000000000E-01    0.636993798828125000000000000000000000000000E+04
    0.626406818628311157226562500000000000000000E-01    0.624750488281250000000000000000000000000000E+04
    0.639061108231544494628906250000000000000000E-01    0.612256347656250000000000000000000000000000E+04
    0.651970952749252319335937500000000000000000E-01    0.599487841796875000000000000000000000000000E+04
    0.665141642093658447265625000000000000000000E-01    0.586479980468750000000000000000000000000000E+04
    0.678578317165374755859375000000000000000000E-01    0.573270312500000000000000000000000000000000E+04
    0.692286565899848937988281250000000000000000E-01    0.559895410156250000000000000000000000000000E+04
    0.706271678209304809570312500000000000000000E-01    0.546390527343750000000000000000000000000000E+04
    0.720539242029190063476562500000000000000000E-01    0.532762890625000000000000000000000000000000E+04
    0.735095068812370300292968750000000000000000E-01    0.518876171875000000000000000000000000000000E+04
    0.749944970011711120605468750000000000000000E-01    0.504563281250000000000000000000000000000000E+04
    0.765094906091690063476562500000000000000000E-01    0.489680322265625000000000000000000000000000E+04
    0.780550837516784667968750000000000000000000E-01    0.474108691406250000000000000000000000000000E+04
    0.796318948268890380859375000000000000000000E-01    0.457800000000000000000000000000000000000000E+04
    0.812405645847320556640625000000000000000000E-01    0.440947216796875000000000000000000000000000E+04
    0.828817337751388549804687500000000000000000E-01    0.423800292968750000000000000000000000000000E+04
    0.845560505986213684082031250000000000000000E-01    0.406584204101562500000000000000000000000000E+04
    0.862641930580139160156250000000000000000000E-01    0.389498632812500000000000000000000000000000E+04
    0.880068466067314147949218750000000000000000E-01    0.372740795898437500000000000000000000000000E+04
    0.897847041487693786621093750000000000000000E-01    0.356509716796875000000000000000000000000000E+04
    0.915984734892845153808593750000000000000000E-01    0.340972875976562500000000000000000000000000E+04
    0.934488773345947265625000000000000000000000E-01    0.326266845703125000000000000000000000000000E+04
    0.953366756439208984375000000000000000000000E-01    0.312496972656250000000000000000000000000000E+04
    0.972625985741615295410156250000000000000000E-01    0.299738330078125000000000000000000000000000E+04
    0.992274358868598937988281250000000000000000E-01    0.288047875976562500000000000000000000000000E+04
    0.101232007145881652832031250000000000000000E+00    0.277468750000000000000000000000000000000000E+04
    0.103277020156383514404296875000000000000000E+00    0.267999536132812500000000000000000000000000E+04
    0.105363354086875915527343750000000000000000E+00    0.259592016601562500000000000000000000000000E+04
    0.107491828501224517822265625000000000000000E+00    0.252201245117187500000000000000000000000000E+04
    0.109663315117359161376953125000000000000000E+00    0.245776391601562500000000000000000000000000E+04
    0.111878655850887298583984375000000000000000E+00    0.240188427734375000000000000000000000000000E+04
    0.114138752222061157226562500000000000000000E+00    0.235288061523437500000000000000000000000000E+04
    0.116444505751132965087890625000000000000000E+00    0.230937548828125000000000000000000000000000E+04
    0.118796832859516143798828125000000000000000E+00    0.226944921875000000000000000000000000000000E+04
    0.121196687221527099609375000000000000000000E+00    0.223066943359375000000000000000000000000000E+04
    0.123645029962062835693359375000000000000000E+00    0.219074340820312500000000000000000000000000E+04
    0.126142814755439758300781250000000000000000E+00    0.214769531250000000000000000000000000000000E+04
    0.128691077232360839843750000000000000000000E+00    0.209992480468750000000000000000000000000000E+04
    0.131290808320045471191406250000000000000000E+00    0.204605456542968750000000000000000000000000E+04
    0.133943051099777221679687500000000000000000E+00    0.198554406738281250000000000000000000000000E+04
    0.136648878455162048339843750000000000000000E+00    0.191871813964843750000000000000000000000000E+04
    0.139409363269805908203125000000000000000000E+00    0.184609973144531250000000000000000000000000E+04
    0.142225623130798339843750000000000000000000E+00    0.176893945312500000000000000000000000000000E+04
    0.145098760724067687988281250000000000000000E+00    0.168883117675781250000000000000000000000000E+04
    0.148029953241348266601562500000000000000000E+00    0.160755493164062500000000000000000000000000E+04
    0.151020348072052001953125000000000000000000E+00    0.152772863769531250000000000000000000000000E+04
    0.154071167111396789550781250000000000000000E+00    0.145174755859375000000000000000000000000000E+04
    0.157183602452278137207031250000000000000000E+00    0.138173840332031250000000000000000000000000E+04
    0.160358920693397521972656250000000000000000E+00    0.131955908203125000000000000000000000000000E+04
    0.163598373532295227050781250000000000000000E+00    0.126618005371093750000000000000000000000000E+04
    0.166903272271156311035156250000000000000000E+00    0.122117761230468750000000000000000000000000E+04
    0.170275032520294189453125000000000000000000E+00    0.118387292480468750000000000000000000000000E+04
    0.173714801669120788574218750000000000000000E+00    0.115284338378906250000000000000000000000000E+04
    0.177224084734916687011718750000000000000000E+00    0.112652929687500000000000000000000000000000E+04
    0.180804237723350524902343750000000000000000E+00    0.110309973144531250000000000000000000000000E+04
    0.184456720948219299316406250000000000000000E+00    0.108062390136718750000000000000000000000000E+04
    0.188182994723320007324218750000000000000000E+00    0.105696166992187500000000000000000000000000E+04
    0.191984534263610839843750000000000000000000E+00    0.102999194335937500000000000000000000000000E+04
    0.195862874388694763183593750000000000000000E+00    0.998573669433593750000000000000000000000000E+03
    0.199819564819335937500000000000000000000000E+00    0.962372314453125000000000000000000000000000E+03
    0.203856185078620910644531250000000000000000E+00    0.922270751953125000000000000000000000000000E+03
    0.207974359393119812011718750000000000000000E+00    0.879752258300781250000000000000000000000000E+03
    0.212175697088241577148437500000000000000000E+00    0.836585815429687500000000000000000000000000E+03
    0.216461926698684692382812500000000000000000E+00    0.794682800292968750000000000000000000000000E+03
    0.220834761857986450195312500000000000000000E+00    0.756327514648437500000000000000000000000000E+03
    0.225295916199684143066406250000000000000000E+00    0.722781799316406250000000000000000000000000E+03
    0.229847192764282226562500000000000000000000E+00    0.694152160644531250000000000000000000000000E+03
    0.234490394592285156250000000000000000000000E+00    0.670440063476562500000000000000000000000000E+03
    0.239227414131164550781250000000000000000000E+00    0.650751281738281250000000000000000000000000E+03
    0.244060128927230834960937500000000000000000E+00    0.633283081054687500000000000000000000000000E+03
    0.248990446329116821289062500000000000000000E+00    0.616383605957031250000000000000000000000000E+03
    0.254020392894744873046875000000000000000000E+00    0.598718383789062500000000000000000000000000E+03
    0.259151935577392578125000000000000000000000E+00    0.579249084472656250000000000000000000000000E+03
    0.264387160539627075195312500000000000000000E+00    0.557174316406250000000000000000000000000000E+03
    0.269728124141693115234375000000000000000000E+00    0.533050598144531250000000000000000000000000E+03
    0.275177001953125000000000000000000000000000E+00    0.508372497558593750000000000000000000000000E+03
    0.280736058950424194335937500000000000000000E+00    0.484436370849609375000000000000000000000000E+03
    0.286407291889190673828125000000000000000000E+00    0.462222381591796875000000000000000000000000E+03
    0.292193114757537841796875000000000000000000E+00    0.442466278076171875000000000000000000000000E+03
    0.298095792531967163085937500000000000000000E+00    0.425673156738281250000000000000000000000000E+03
    0.304117560386657714843750000000000000000000E+00    0.411200012207031250000000000000000000000000E+03
    0.310261309146881103515625000000000000000000E+00    0.397844421386718750000000000000000000000000E+03
    0.316528826951980590820312500000000000000000E+00    0.384585723876953125000000000000000000000000E+03
    0.322923272848129272460937500000000000000000E+00    0.370882171630859375000000000000000000000000E+03
    0.329446613788604736328125000000000000000000E+00    0.356452697753906250000000000000000000000000E+03
    0.336102008819580078125000000000000000000000E+00    0.341186767578125000000000000000000000000000E+03
    0.342891573905944824218750000000000000000000E+00    0.325798522949218750000000000000000000000000E+03
    0.349818587303161621093750000000000000000000E+00    0.311233734130859375000000000000000000000000E+03
    0.356885224580764770507812500000000000000000E+00    0.298157928466796875000000000000000000000000E+03
    0.364094972610473632812500000000000000000000E+00    0.286407043457031250000000000000000000000000E+03
    0.371450334787368774414062500000000000000000E+00    0.275573547363281250000000000000000000000000E+03
    0.378953933715820312500000000000000000000000E+00    0.265298126220703125000000000000000000000000E+03
    0.386609494686126708984375000000000000000000E+00    0.255234573364257812500000000000000000000000E+03
    0.394419312477111816406250000000000000000000E+00    0.245075378417968750000000000000000000000000E+03
    0.402387291193008422851562500000000000000000E+00    0.234678802490234375000000000000000000000000E+03
    0.410515844821929931640625000000000000000000E+00    0.224412155151367187500000000000000000000000E+03
    0.418809026479721069335937500000000000000000E+00    0.214710159301757812500000000000000000000000E+03
    0.427269339561462402343750000000000000000000E+00    0.205824386596679687500000000000000000000000E+03
    0.435900926589965820312500000000000000000000E+00    0.197579605102539062500000000000000000000000E+03
    0.444706469774246215820312500000000000000000E+00    0.189740509033203125000000000000000000000000E+03
    0.453690379858016967773437500000000000000000E+00    0.182145065307617187500000000000000000000000E+03
    0.462855309247970581054687500000000000000000E+00    0.174772018432617187500000000000000000000000E+03
    0.472205787897109985351562500000000000000000E+00    0.167624145507812500000000000000000000000000E+03
    0.481744766235351562500000000000000000000000E+00    0.160703216552734375000000000000000000000000E+03
    0.491476893424987792968750000000000000000000E+00    0.154010009765625000000000000000000000000000E+03
    0.501405119895935058593750000000000000000000E+00    0.147544418334960937500000000000000000000000E+03
    0.511534392833709716796875000000000000000000E+00    0.141305557250976562500000000000000000000000E+03
    0.521867811679840087890625000000000000000000E+00    0.135291763305664062500000000000000000000000E+03
    0.532410502433776855468750000000000000000000E+00    0.129500747680664062500000000000000000000000E+03
    0.543165624141693115234375000000000000000000E+00    0.123929603576660156250000000000000000000000E+03
    0.554138541221618652343750000000000000000000E+00    0.118574905395507812500000000000000000000000E+03
    0.565332591533660888671875000000000000000000E+00    0.113432785034179687500000000000000000000000E+03
    0.576753377914428710937500000000000000000000E+00    0.108498954772949218750000000000000000000000E+03
    0.588404297828674316406250000000000000000000E+00    0.103768791198730468750000000000000000000000E+03
    0.600291073322296142578125000000000000000000E+00    0.992373809814453125000000000000000000000000E+02
    0.612418055534362792968750000000000000000000E+00    0.948995819091796875000000000000000000000000E+02
    0.624789416790008544921875000000000000000000E+00    0.907500000000000000000000000000000000000000E+02
    0.637411296367645263671875000000000000000000E+00    0.867817077636718750000000000000000000000000E+02
    0.650287508964538574218750000000000000000000E+00    0.829862976074218750000000000000000000000000E+02
    0.663424491882324218750000000000000000000000E+00    0.793557052612304687500000000000000000000000E+02
    0.676826238632202148437500000000000000000000E+00    0.758822708129882812500000000000000000000000E+02
    0.690499365329742431640625000000000000000000E+00    0.725587539672851562500000000000000000000000E+02
    0.704448044300079345703125000000000000000000E+00    0.693782653808593750000000000000000000000000E+02
    0.718679130077362060546875000000000000000000E+00    0.663343048095703125000000000000000000000000E+02
    0.733197033405303955078125000000000000000000E+00    0.634206771850585937500000000000000000000000E+02
    0.748008966445922851562500000000000000000000E+00    0.606315155029296875000000000000000000000000E+02
    0.763119339942932128906250000000000000000000E+00    0.579612426757812500000000000000000000000000E+02
    0.778535783290863037109375000000000000000000E+00    0.554045639038085937500000000000000000000000E+02
    0.794262826442718505859375000000000000000000E+00    0.529564552307128906250000000000000000000000E+02
    0.810308396816253662109375000000000000000000E+00    0.506121368408203125000000000000000000000000E+02
    0.826677322387695312500000000000000000000000E+00    0.483670578002929687500000000000000000000000E+02
    0.843377590179443359375000000000000000000000E+00    0.462169036865234375000000000000000000000000E+02
    0.860414624214172363281250000000000000000000E+00    0.441575546264648437500000000000000000000000E+02
    0.877796530723571777343750000000000000000000E+00    0.421851387023925781250000000000000000000000E+02
    0.895528674125671386718750000000000000000000E+00    0.402961959838867187500000000000000000000000E+02
    0.913619995117187500000000000000000000000000E+00    0.384875297546386718750000000000000000000000E+02
    0.932075977325439453125000000000000000000000E+00    0.367560424804687500000000000000000000000000E+02
    0.950905561447143554687500000000000000000000E+00    0.350987358093261718750000000000000000000000E+02
    0.970114648342132568359375000000000000000000E+00    0.335127029418945312500000000000000000000000E+02
    0.989712655544281005859375000000000000000000E+00    0.319951381683349609375000000000000000000000E+02
    0.100970673561096191406250000000000000000000E+01    0.305433311462402343750000000000000000000000E+02
    0.103010356426239013671875000000000000000000E+01    0.291546573638916015625000000000000000000000E+02
    0.105091357231140136718750000000000000000000E+01    0.278265857696533203125000000000000000000000E+02
    0.107214283943176269531250000000000000000000E+01    0.265566692352294921875000000000000000000000E+02
    0.109380209445953369140625000000000000000000E+01    0.253425483703613281250000000000000000000000E+02
    0.111589777469635009765625000000000000000000E+01    0.241819458007812500000000000000000000000000E+02
    0.113844096660614013671875000000000000000000E+01    0.230726661682128906250000000000000000000000E+02
    0.116143846511840820312500000000000000000000E+01    0.220125904083251953125000000000000000000000E+02
    0.118490147590637207031250000000000000000000E+01    0.209996814727783203125000000000000000000000E+02
    0.120883750915527343750000000000000000000000E+01    0.200319709777832031250000000000000000000000E+02
    0.123325824737548828125000000000000000000000E+01    0.191075534820556640625000000000000000000000E+02
    0.125817120075225830078125000000000000000000E+01    0.182245616912841796875000000000000000000000E+02
    0.128358840942382812500000000000000000000000E+01    0.173812007904052734375000000000000000000000E+02
    0.130951797962188720703125000000000000000000E+01    0.165757465362548828125000000000000000000000E+02
    0.133597266674041748046875000000000000000000E+01    0.158065490722656250000000000000000000000000E+02
    0.136296045780181884765625000000000000000000E+01    0.150720281600952148437500000000000000000000E+02
    0.139049470424652099609375000000000000000000E+01    0.143706712722778320312500000000000000000000E+02
    0.141858386993408203125000000000000000000000E+01    0.137010269165039062500000000000000000000000E+02
    0.144724178314208984375000000000000000000000E+01    0.130617065429687500000000000000000000000000E+02
    0.147647726535797119140625000000000000000000E+01    0.124513788223266601562500000000000000000000E+02
    0.150630474090576171875000000000000000000000E+01    0.118687705993652343750000000000000000000000E+02
    0.153673338890075683593750000000000000000000E+01    0.113126621246337890625000000000000000000000E+02
    0.156777822971343994140625000000000000000000E+01    0.107818841934204101562500000000000000000000E+02
    0.159944856166839599609375000000000000000000E+01    0.102753190994262695312500000000000000000000E+02
    0.163176035881042480468750000000000000000000E+01    0.979189586639404296875000000000000000000000E+01
    0.166472315788269042968750000000000000000000E+01    0.933059024810791015625000000000000000000000E+01
    0.169835364818572998046875000000000000000000E+01    0.889042091369628906250000000000000000000000E+01
    0.173266339302062988281250000000000000000000E+01    0.847044944763183593750000000000000000000000E+01
    0.176766479015350341796875000000000000000000E+01    0.806978416442871093750000000000000000000000E+01
    0.180337476730346679687500000000000000000000E+01    0.768756771087646484375000000000000000000000E+01
    0.183980441093444824218750000000000000000000E+01    0.732298040390014648437500000000000000000000E+01
    0.187697184085845947265625000000000000000000E+01    0.697523689270019531250000000000000000000000E+01
    0.191488826274871826171875000000000000000000E+01    0.664358472824096679687500000000000000000000E+01
    0.195357239246368408203125000000000000000000E+01    0.632730531692504882812500000000000000000000E+01
    0.199303627014160156250000000000000000000000E+01    0.602570867538452148437500000000000000000000E+01
    0.203329920768737792968750000000000000000000E+01    0.573813581466674804687500000000000000000000E+01
    0.207437348365783691406250000000000000000000E+01    0.546395540237426757812500000000000000000000E+01
    0.211627960205078125000000000000000000000000E+01    0.520256423950195312500000000000000000000000E+01
    0.215903019905090332031250000000000000000000E+01    0.495338344573974609375000000000000000000000E+01
    0.220264649391174316406250000000000000000000E+01    0.471586084365844726562500000000000000000000E+01
    0.224714183807373046875000000000000000000000E+01    0.448946762084960937500000000000000000000000E+01
    0.229253816604614257812500000000000000000000E+01    0.427369785308837890625000000000000000000000E+01
    0.233884930610656738281250000000000000000000E+01    0.406806802749633789062500000000000000000000E+01
    0.238609838485717773437500000000000000000000E+01    0.387211561203002929687500000000000000000000E+01
    0.243429946899414062500000000000000000000000E+01    0.368539714813232421875000000000000000000000E+01
    0.248347663879394531250000000000000000000000E+01    0.350748944282531738281250000000000000000000E+01
    0.253364515304565429687500000000000000000000E+01    0.333798766136169433593750000000000000000000E+01
    0.258482933044433593750000000000000000000000E+01    0.317650461196899414062500000000000000000000E+01
    0.263704514503479003906250000000000000000000E+01    0.302267074584960937500000000000000000000000E+01
    0.269031810760498046875000000000000000000000E+01    0.287613296508789062500000000000000000000000E+01
    0.274466466903686523437500000000000000000000E+01    0.273655390739440917968750000000000000000000E+01
    0.280011177062988281250000000000000000000000E+01    0.260361146926879882812500000000000000000000E+01
    0.285667920112609863281250000000000000000000E+01    0.247699785232543945312500000000000000000000E+01
    0.291438651084899902343750000000000000000000E+01    0.235641908645629882812500000000000000000000E+01
    0.297326231002807617187500000000000000000000E+01    0.224159455299377441406250000000000000000000E+01
    0.303332471847534179687500000000000000000000E+01    0.213225626945495605468750000000000000000000E+01
    0.309460353851318359375000000000000000000000E+01    0.202814817428588867187500000000000000000000E+01
    0.315711688995361328125000000000000000000000E+01    0.192902600765228271484375000000000000000000E+01
    0.322089648246765136718750000000000000000000E+01    0.183465683460235595703125000000000000000000E+01
    0.328596115112304687500000000000000000000000E+01    0.174481761455535888671875000000000000000000E+01
    0.335234355926513671875000000000000000000000E+01    0.165929615497589111328125000000000000000000E+01
    0.342006349563598632812500000000000000000000E+01    0.157788956165313720703125000000000000000000E+01
    0.348915529251098632812500000000000000000000E+01    0.150040423870086669921875000000000000000000E+01
    0.355963897705078125000000000000000000000000E+01    0.142665541172027587890625000000000000000000E+01
    0.363155031204223632812500000000000000000000E+01    0.135646688938140869140625000000000000000000E+01
    0.370491051673889160156250000000000000000000E+01    0.128967058658599853515625000000000000000000E+01
    0.377975654602050781250000000000000000000000E+01    0.122610592842102050781250000000000000000000E+01
    0.385611033439636230468750000000000000000000E+01    0.116562008857727050781250000000000000000000E+01
    0.393401122093200683593750000000000000000000E+01    0.110806703567504882812500000000000000000000E+01
    0.401348161697387695312500000000000000000000E+01    0.105330741405487060546875000000000000000000E+01
    0.409456062316894531250000000000000000000000E+01    0.100120854377746582031250000000000000000000E+01
    0.417727470397949218750000000000000000000000E+01    0.951643824577331542968750000000000000000000E+00
    0.426166296005249023437500000000000000000000E+01    0.904492378234863281250000000000000000000000E+00
    0.434775209426879882812500000000000000000000E+01    0.859639167785644531250000000000000000000000E+00
    0.443558454513549804687500000000000000000000E+01    0.816974341869354248046875000000000000000000E+00
    0.452518701553344726562500000000000000000000E+01    0.776393234729766845703125000000000000000000E+00
    0.461660432815551757812500000000000000000000E+01    0.737796127796173095703125000000000000000000E+00
    0.470986795425415039062500000000000000000000E+01    0.701087772846221923828125000000000000000000E+00
    0.480501127243041992187500000000000000000000E+01    0.666177570819854736328125000000000000000000E+00
    0.490208053588867187500000000000000000000000E+01    0.632978975772857666015625000000000000000000E+00
    0.500110673904418945312500000000000000000000E+01    0.601409673690795898437500000000000000000000E+00
    0.510213851928710937500000000000000000000000E+01    0.571391105651855468750000000000000000000000E+00
    0.520520591735839843750000000000000000000000E+01    0.542848467826843261718750000000000000000000E+00
    0.531036043167114257812500000000000000000000E+01    0.515710532665252685546875000000000000000000E+00
    0.541763401031494140625000000000000000000000E+01    0.489909321069717407226562500000000000000000E+00
    0.552708053588867187500000000000000000000000E+01    0.465380191802978515625000000000000000000000E+00
    0.563873195648193359375000000000000000000000E+01    0.442061483860015869140625000000000000000000E+00
    0.575264453887939453125000000000000000000000E+01    0.419894516468048095703125000000000000000000E+00
    0.586885261535644531250000000000000000000000E+01    0.398823380470275878906250000000000000000000E+00
    0.598741388320922851562500000000000000000000E+01    0.378794819116592407226562500000000000000000E+00
    0.610836458206176757812500000000000000000000E+01    0.359758079051971435546875000000000000000000E+00
    0.623176479339599609375000000000000000000000E+01    0.341664910316467285156250000000000000000000E+00
    0.635765171051025390625000000000000000000000E+01    0.324469268321990966796875000000000000000000E+00
    0.648608779907226562500000000000000000000000E+01    0.308127403259277343750000000000000000000000E+00
    0.661711215972900390625000000000000000000000E+01    0.292597562074661254882812500000000000000000E+00
    0.675078964233398437500000000000000000000000E+01    0.277840018272399902343750000000000000000000E+00
    0.688716173171997070312500000000000000000000E+01    0.263817012310028076171875000000000000000000E+00
    0.702629423141479492187500000000000000000000E+01    0.250492542982101440429687500000000000000000E+00
    0.716823101043701171875000000000000000000000E+01    0.237832307815551757812500000000000000000000E+00
    0.731304264068603515625000000000000000000000E+01    0.225803732872009277343750000000000000000000E+00
    0.746077251434326171875000000000000000000000E+01    0.214375764131546020507812500000000000000000E+00
    0.761149358749389648437500000000000000000000E+01    0.203518867492675781250000000000000000000000E+00
    0.776525115966796875000000000000000000000000E+01    0.193204924464225769042968750000000000000000E+00
    0.792212390899658203125000000000000000000000E+01    0.183407202363014221191406250000000000000000E+00
    0.808216571807861328125000000000000000000000E+01    0.174100220203399658203125000000000000000000E+00
    0.824543190002441406250000000000000000000000E+01    0.165259763598442077636718750000000000000000E+00
    0.841200447082519531250000000000000000000000E+01    0.156862780451774597167968750000000000000000E+00
    0.858193302154541015625000000000000000000000E+01    0.148887336254119873046875000000000000000000E+00
    0.875530433654785156250000000000000000000000E+01    0.141312584280967712402343750000000000000000E+00
    0.893216896057128906250000000000000000000000E+01    0.134118661284446716308593750000000000000000E+00
    0.911261463165283203125000000000000000000000E+01    0.127286702394485473632812500000000000000000E+00
    0.929669761657714843750000000000000000000000E+01    0.120798721909523010253906250000000000000000E+00
    0.948450660705566406250000000000000000000000E+01    0.114637643098831176757812500000000000000000E+00
    0.967610168457031250000000000000000000000000E+01    0.108787216246128082275390625000000000000000E+00
    0.987157726287841796875000000000000000000000E+01    0.103231973946094512939453125000000000000000E+00
    0.100709915161132812500000000000000000000000E+02    0.979572311043739318847656250000000000000000E-01
    0.102744436264038085937500000000000000000000E+02    0.929489955306053161621093750000000000000000E-01
    0.104819955825805664062500000000000000000000E+02    0.881939828395843505859375000000000000000000E-01
    0.106937503814697265625000000000000000000000E+02    0.836795493960380554199218750000000000000000E-01
    0.109097728729248046875000000000000000000000E+02    0.793936848640441894531250000000000000000000E-01
    0.111301708221435546875000000000000000000000E+02    0.753249526023864746093750000000000000000000E-01
    0.113550090789794921875000000000000000000000E+02    0.714624971151351928710937500000000000000000E-01
    0.115844011306762695312500000000000000000000E+02    0.677959918975830078125000000000000000000000E-01
    0.118184156417846679687500000000000000000000E+02    0.643156096339225769042968750000000000000000E-01
    0.120571689605712890625000000000000000000000E+02    0.610120296478271484375000000000000000000000E-01
    0.123007345199584960937500000000000000000000E+02    0.578763708472251892089843750000000000000000E-01
    0.125492305755615234375000000000000000000000E+02    0.549002066254615783691406250000000000000000E-01
    0.128027353286743164062500000000000000000000E+02    0.520755127072334289550781250000000000000000E-01
    0.130613737106323242187500000000000000000000E+02    0.493946783244609832763671875000000000000000E-01
    0.133252372741699218750000000000000000000000E+02    0.468504615128040313720703125000000000000000E-01
    0.135944185256958007812500000000000000000000E+02    0.444359742105007171630859375000000000000000E-01
    0.138690500259399414062500000000000000000000E+02    0.421446859836578369140625000000000000000000E-01
    0.141492166519165039062500000000000000000000E+02    0.399703755974769592285156250000000000000000E-01
    0.144350557327270507812500000000000000000000E+02    0.379071421921253204345703125000000000000000E-01
    0.147266559600830078125000000000000000000000E+02    0.359493754804134368896484375000000000000000E-01
    0.150241622924804687500000000000000000000000E+02    0.340917408466339111328125000000000000000000E-01
    0.153276624679565429687500000000000000000000E+02    0.323291793465614318847656250000000000000000E-01
    0.156373090744018554687500000000000000000000E+02    0.306568723171949386596679687500000000000000E-01
    0.159531946182250976562500000000000000000000E+02    0.290702525526285171508789062500000000000000E-01
    0.162754783630371093750000000000000000000000E+02    0.275649782270193099975585937500000000000000E-01
    0.166042575836181640625000000000000000000000E+02    0.261369217187166213989257812500000000000000E-01
    0.169396934509277343750000000000000000000000E+02    0.247821640223264694213867187500000000000000E-01
    0.172818889617919921875000000000000000000000E+02    0.234969854354858398437500000000000000000000E-01
    0.176310138702392578125000000000000000000000E+02    0.222778469324111938476562500000000000000000E-01
    0.179871768951416015625000000000000000000000E+02    0.211213920265436172485351562500000000000000E-01
    0.183505496978759765625000000000000000000000E+02    0.200244281440973281860351562500000000000000E-01
    0.187212448120117187500000000000000000000000E+02    0.189839266240596771240234375000000000000000E-01
    0.190994472503662109375000000000000000000000E+02    0.179970078170299530029296875000000000000000E-01
    0.194852733612060546875000000000000000000000E+02    0.170609429478645324707031250000000000000000E-01
    0.198789100646972656250000000000000000000000E+02    0.161731354892253875732421875000000000000000E-01
    0.202804813385009765625000000000000000000000E+02    0.153311211615800857543945312500000000000000E-01
    0.206901836395263671875000000000000000000000E+02    0.145325623452663421630859375000000000000000E-01
    0.211081428527832031250000000000000000000000E+02    0.137752369046211242675781250000000000000000E-01
    0.215345649719238281250000000000000000000000E+02    0.130570363253355026245117187500000000000000E-01
    0.219696025848388671875000000000000000000000E+02    0.123759591951966285705566406250000000000000E-01
    0.224134063720703125000000000000000000000000E+02    0.117301046848297119140625000000000000000000E-01
    0.228661975860595703125000000000000000000000E+02    0.111176678910851478576660156250000000000000E-01
    0.233281154632568359375000000000000000000000E+02    0.105369370430707931518554687500000000000000E-01
    0.237993831634521484375000000000000000000000E+02    0.998628512024879455566406250000000000000000E-02
    0.242801532745361328125000000000000000000000E+02    0.946416892111301422119140625000000000000000E-02
    0.247706546783447265625000000000000000000000E+02    0.896912347525358200073242187500000000000000E-02
    0.252710437774658203125000000000000000000000E+02    0.849975738674402236938476562500000000000000E-02
    0.257815628051757812500000000000000000000000E+02    0.805475097149610519409179687500000000000000E-02
    0.263023719787597656250000000000000000000000E+02    0.763285066932439804077148437500000000000000E-02
    0.268337268829345703125000000000000000000000E+02    0.723286811262369155883789062500000000000000E-02
    0.273757934570312500000000000000000000000000E+02    0.685367407277226448059082031250000000000000E-02
    0.279288330078125000000000000000000000000000E+02    0.649419799447059631347656250000000000000000E-02
    0.284930171966552734375000000000000000000000E+02    0.615342333912849426269531250000000000000000E-02
    0.290686283111572265625000000000000000000000E+02    0.583038572221994400024414062500000000000000E-02
    0.296558399200439453125000000000000000000000E+02    0.552417011931538581848144531250000000000000E-02
    0.302549400329589843750000000000000000000000E+02    0.523390760645270347595214843750000000000000E-02
    0.308661155700683593750000000000000000000000E+02    0.495877442881464958190917968750000000000000E-02
    0.314896678924560546875000000000000000000000E+02    0.469798920676112174987792968750000000000000E-02
    0.321257820129394531250000000000000000000000E+02    0.445081014186143875122070312500000000000000E-02
    0.327747840881347656250000000000000000000000E+02    0.421653268858790397644042968750000000000000E-02
    0.334368629455566406250000000000000000000000E+02    0.399448955431580543518066406250000000000000E-02
    0.341123466491699218750000000000000000000000E+02    0.378404743969440460205078125000000000000000E-02
    0.348014411926269531250000000000000000000000E+02    0.358460494317114353179931640625000000000000E-02
    0.355044975280761718750000000000000000000000E+02    0.339559186249971389770507812500000000000000E-02
    0.362217178344726562500000000000000000000000E+02    0.321646686643362045288085937500000000000000E-02
    0.369534606933593750000000000000000000000000E+02    0.304671702906489372253417968750000000000000E-02
    0.376999855041503906250000000000000000000000E+02    0.288585503585636615753173828125000000000000E-02
    0.384615592956542968750000000000000000000000E+02    0.273341964930295944213867187500000000000000E-02
    0.392385520935058593750000000000000000000000E+02    0.258897291496396064758300781250000000000000E-02
    0.400312004089355468750000000000000000000000E+02    0.245209923014044761657714843750000000000000E-02
    0.408399047851562500000000000000000000000000E+02    0.232240464538335800170898437500000000000000E-02
    0.416649055480957031250000000000000000000000E+02    0.219951593317091464996337890625000000000000E-02
    0.425066108703613281250000000000000000000000E+02    0.208307849243283271789550781250000000000000E-02
    0.433652801513671875000000000000000000000000E+02    0.197275634855031967163085937500000000000000E-02
    0.442413406372070312500000000000000000000000E+02    0.186823075637221336364746093750000000000000E-02
    0.451350479125976562500000000000000000000000E+02    0.176919973455369472503662109375000000000000E-02
    0.460468597412109375000000000000000000000000E+02    0.167537678498774766921997070312500000000000E-02
    0.469770469665527343750000000000000000000000E+02    0.158648996148258447647094726562500000000000E-02
    0.479260635375976562500000000000000000000000E+02    0.150228186976164579391479492187500000000000E-02
    0.488942108154296875000000000000000000000000E+02    0.142250768840312957763671875000000000000000E-02
    0.498819656372070312500000000000000000000000E+02    0.134693586733192205429077148437500000000000E-02
    0.508896217346191406250000000000000000000000E+02    0.127534649800509214401245117187500000000000E-02
    0.519176826477050781250000000000000000000000E+02    0.120753119699656963348388671875000000000000E-02
    0.529664611816406250000000000000000000000000E+02    0.114329229108989238739013671875000000000000E-02
    0.540364799499511718750000000000000000000000E+02    0.108244281727820634841918945312500000000000E-02
    0.551280593872070312500000000000000000000000E+02    0.102480500936508178710937500000000000000000E-02
    0.562417488098144531250000000000000000000000E+02    0.970210647210478782653808593750000000000000E-03
    0.573778800964355468750000000000000000000000E+02    0.918500300031155347824096679687500000000000E-03
    0.585370178222656250000000000000000000000000E+02    0.869522627908736467361450195312500000000000E-03
    0.597195167541503906250000000000000000000000E+02    0.823134439997375011444091796875000000000000E-03
    0.609259529113769531250000000000000000000000E+02    0.779199763201177120208740234375000000000000E-03
    0.621567726135253906250000000000000000000000E+02    0.737589900381863117218017578125000000000000E-03
    0.634123916625976562500000000000000000000000E+02    0.698182731866836547851562500000000000000000E-03
    0.646934356689453125000000000000000000000000E+02    0.660862540826201438903808593750000000000000E-03
    0.660002975463867187500000000000000000000000E+02    0.625519722234457731246948242187500000000000E-03
    0.673336257934570312500000000000000000000000E+02    0.592050259001553058624267578125000000000000E-03
    0.686938171386718750000000000000000000000000E+02    0.560355489142239093780517578125000000000000E-03
    0.700815582275390625000000000000000000000000E+02    0.530341989360749721527099609375000000000000E-03
    0.714972610473632812500000000000000000000000E+02    0.501921167597174644470214843750000000000000E-03
    0.729416351318359375000000000000000000000000E+02    0.475009088404476642608642578125000000000000E-03
    0.744151153564453125000000000000000000000000E+02    0.449526211014017462730407714843750000000000E-03
    0.759184341430664062500000000000000000000000E+02    0.425397156504914164543151855468750000000000E-03
    0.774520568847656250000000000000000000000000E+02    0.402550562284886837005615234375000000000000E-03
    0.790167236328125000000000000000000000000000E+02    0.380918761948123574256896972656250000000000E-03
    0.806129302978515625000000000000000000000000E+02    0.360437639756128191947937011718750000000000E-03
    0.822414550781250000000000000000000000000000E+02    0.341046514222398400306701660156250000000000E-03
    0.839028015136718750000000000000000000000000E+02    0.322687788866460323333740234375000000000000E-03
    0.855977935791015625000000000000000000000000E+02    0.305306952213868498802185058593750000000000E-03
    0.873269348144531250000000000000000000000000E+02    0.288852344965562224388122558593750000000000E-03
    0.890910949707031250000000000000000000000000E+02    0.273275014478713274002075195312500000000000E-03
    0.908908081054687500000000000000000000000000E+02    0.258528598351404070854187011718750000000000E-03
    0.927269744873046875000000000000000000000000E+02    0.244569178903475403785705566406250000000000E-03
    0.946001358032226562500000000000000000000000E+02    0.231355021242052316665649414062500000000000E-03
    0.965112304687500000000000000000000000000000E+02    0.218846631469205021858215332031250000000000E-03
    0.984608383178710937500000000000000000000000E+02    0.207006552955135703086853027343750000000000E-03
    0.100449920654296875000000000000000000000000E+03    0.195799308130517601966857910156250000000000E-03
    0.102479194641113281250000000000000000000000E+03    0.185191340278834104537963867187500000000000E-03
    0.104549354553222656250000000000000000000000E+03    0.175150838913396000862121582031250000000000E-03
    0.106661445617675781250000000000000000000000E+03    0.165647681569680571556091308593750000000000E-03
    0.108816093444824218750000000000000000000000E+03    0.156653346493840217590332031250000000000000E-03
    0.111014373779296875000000000000000000000000E+03    0.148140825331211090087890625000000000000000E-03
    0.113256958007812500000000000000000000000000E+03    0.140084521262906491756439208984375000000000E-03
    0.115544944763183593750000000000000000000000E+03    0.132460219901986420154571533203125000000000E-03
    0.117879058837890625000000000000000000000000E+03    0.125244972878135740756988525390625000000000E-03
    0.120260421752929687500000000000000000000000E+03    0.118417025078088045120239257812500000000000E-03
    0.122689781188964843750000000000000000000000E+03    0.111955814645625650882720947265625000000000E-03
    0.125168350219726562500000000000000000000000E+03    0.105841842014342546463012695312500000000000E-03
    0.127696846008300781250000000000000000000000E+03    0.100056640803813934326171875000000000000000E-03
    0.130276565551757812500000000000000000000000E+03    0.945827268878929316997528076171875000000000E-04
    0.132908248901367187500000000000000000000000E+03    0.894034747034311294555664062500000000000000E-04
    0.135593231201171875000000000000000000000000E+03    0.845031609060242772102355957031250000000000E-04
    0.138332336425781250000000000000000000000000E+03    0.798668697825632989406585693359375000000000E-04
    0.141126892089843750000000000000000000000000E+03    0.754805005271919071674346923828125000000000E-04
    0.143977767944335937500000000000000000000000E+03    0.713307090336456894874572753906250000000000E-04
    0.146886383056640625000000000000000000000000E+03    0.674048642395064234733581542968750000000000E-04
    0.149853607177734375000000000000000000000000E+03    0.636909971944987773895263671875000000000000E-04
    0.152880935668945312500000000000000000000000E+03    0.601777937845326960086822509765625000000000E-04
    0.155969253540039062500000000000000000000000E+03    0.568545292480848729610443115234375000000000E-04
    0.159120101928710937500000000000000000000000E+03    0.537110645382199436426162719726562500000000E-04
    0.162334472656250000000000000000000000000000E+03    0.507377881149295717477798461914062500000000E-04
    0.165613922119140625000000000000000000000000E+03    0.479256086691748350858688354492187500000000E-04
    0.168959625244140625000000000000000000000000E+03    0.452659151051193475723266601562500000000000E-04
    0.172372741699218750000000000000000000000000E+03    0.427505583502352237701416015625000000000000E-04
    0.175854980468750000000000000000000000000000E+03    0.403718222514726221561431884765625000000000E-04
    0.179407409667968750000000000000000000000000E+03    0.381223944714292883872985839843750000000000E-04
    0.183031753540039062500000000000000000000000E+03    0.359953555744141340255737304687500000000000E-04
    0.186729156494140625000000000000000000000000E+03    0.339841244567651301622390747070312500000000E-04
    0.190501419067382812500000000000000000000000E+03    0.320824801747221499681472778320312500000000E-04
    0.194349700927734375000000000000000000000000E+03    0.302845328405965119600296020507812500000000E-04
    0.198275924682617187500000000000000000000000E+03    0.285847036138875409960746765136718750000000E-04
    0.202281250000000000000000000000000000000000E+03    0.269777228822931647300720214843750000000000E-04
    0.206367706298828125000000000000000000000000E+03    0.254585993388900533318519592285156250000000E-04
    0.210536499023437500000000000000000000000000E+03    0.240226108871866017580032348632812500000000E-04
    0.214789718627929687500000000000000000000000E+03    0.226652882702182978391647338867187500000000E-04
    0.219128646850585937500000000000000000000000E+03    0.213824023376218974590301513671875000000000E-04
    0.223555450439453125000000000000000000000000E+03    0.201699476747307926416397094726562500000000E-04
    0.228071472167968750000000000000000000000000E+03    0.190241353266173973679542541503906250000000E-04
    0.232678924560546875000000000000000000000000E+03    0.179413800651673227548599243164062500000000E-04
    0.237379211425781250000000000000000000000000E+03    0.169182858371641486883163452148437500000000E-04
    0.242174713134765625000000000000000000000000E+03    0.159516403073212131857872009277343750000000E-04
    0.247066848754882812500000000000000000000000E+03    0.150384012158610858023166656494140625000000E-04
    0.252058044433593750000000000000000000000000E+03    0.141756872835685499012470245361328125000000E-04
    0.257149810791015625000000000000000000000000E+03    0.133607745738117955625057220458984375000000E-04
    0.262344726562500000000000000000000000000000E+03    0.125910810311324894428253173828125000000000E-04
    0.267644287109375000000000000000000000000000E+03    0.118641637527616694569587707519531250000000E-04
    0.273051177978515625000000000000000000000000E+03    0.111777098936727270483970642089843750000000E-04
    0.278567047119140625000000000000000000000000E+03    0.105295303001184947788715362548828125000000E-04
    0.284194610595703125000000000000000000000000E+03    0.991755041468422859907150268554687500000000E-05
    0.289935882568359375000000000000000000000000E+03    0.933981027628760784864425659179687500000000E-05
    0.295792785644531250000000000000000000000000E+03    0.879444996826350688934326171875000000000000E-05
    0.301768341064453125000000000000000000000000E+03    0.827971052785869687795639038085937500000000E-05
    0.307864318847656250000000000000000000000000E+03    0.779392757976893335580825805664062500000000E-05
    0.314083740234375000000000000000000000000000E+03    0.733552451492869295179843902587890625000000E-05
    0.320428497314453125000000000000000000000000E+03    0.690300839778501540422439575195312500000000E-05
    0.326901702880859375000000000000000000000000E+03    0.649496632831869646906852722167968750000000E-05
    0.333505401611328125000000000000000000000000E+03    0.611006134931812994182109832763671875000000E-05
    0.340242828369140625000000000000000000000000E+03    0.574702698941109701991081237792968750000000E-05
    0.347116027832031250000000000000000000000000E+03    0.540466453458066098392009735107421875000000E-05
    0.354128387451171875000000000000000000000000E+03    0.508184166392311453819274902343750000000000E-05
    0.361282073974609375000000000000000000000000E+03    0.477749654237413778901100158691406250000000E-05
    0.368580627441406250000000000000000000000000E+03    0.449062963525648228824138641357421875000000E-05
    0.376026275634765625000000000000000000000000E+03    0.422029006585944443941116333007812500000000E-05
    0.383622650146484375000000000000000000000000E+03    0.396557607018621638417243957519531250000000E-05
    0.391372161865234375000000000000000000000000E+03    0.372562999473302625119686126708984375000000E-05
    0.399278594970703125000000000000000000000000E+03    0.349963966073119081556797027587890625000000E-05
    0.407344360351562500000000000000000000000000E+03    0.328683404404728207737207412719726562500000E-05
    0.415573425292968750000000000000000000000000E+03    0.308648145619372371584177017211914062500000E-05
    0.423968383789062500000000000000000000000000E+03    0.289788840746041387319564819335937500000000E-05
    0.432533294677734375000000000000000000000000E+03    0.272039778792532160878181457519531250000000E-05
    0.441270843505859375000000000000000000000000E+03    0.255338659371773246675729751586914062500000E-05
    0.450185302734375000000000000000000000000000E+03    0.239626479014987125992774963378906250000000E-05
    0.459279449462890625000000000000000000000000E+03    0.224847326535382308065891265869140625000000E-05
    0.468557678222656250000000000000000000000000E+03    0.210948269341315608471632003784179687500000E-05
    0.478023437500000000000000000000000000000000E+03    0.197879239749454427510499954223632812500000E-05
    0.487679901123046875000000000000000000000000E+03    0.185592818979785079136490821838378906250000E-05
    0.497531890869140625000000000000000000000000E+03    0.174044396317185601219534873962402343750000E-05
    0.507582427978515625000000000000000000000000E+03    0.163192544277990236878395080566406250000000E-05
    0.517836547851562500000000000000000000000000E+03    0.152998006797133712098002433776855468750000E-05
    0.528297302246093750000000000000000000000000E+03    0.143423471854475792497396469116210937500000E-05
    0.538969848632812500000000000000000000000000E+03    0.134433503262698650360107421875000000000000E-05
    0.549857482910156250000000000000000000000000E+03    0.125994449717836687341332435607910156250000E-05
    0.560965576171875000000000000000000000000000E+03    0.118074387955857673659920692443847656250000E-05
    0.572297607421875000000000000000000000000000E+03    0.110643065909243887290358543395996093750000E-05
    0.583859008789062500000000000000000000000000E+03    0.103671834494889480993151664733886718750000E-05
    0.595653442382812500000000000000000000000000E+03    0.971335339272627606987953186035156250000000E-06
    0.607686706542968750000000000000000000000000E+03    0.910024766653805272653698921203613281250000E-06
    0.619962463378906250000000000000000000000000E+03    0.852543848850473295897245407104492187500000E-06
    0.632486877441406250000000000000000000000000E+03    0.798662824763596290722489356994628906250000E-06
    0.645263610839843750000000000000000000000000E+03    0.748164836750220274552702903747558593750000E-06
    0.658299133300781250000000000000000000000000E+03    0.700845021128770895302295684814453125000000E-06
    0.671597290039062500000000000000000000000000E+03    0.656509996588283684104681015014648437500000E-06
    0.685164794921875000000000000000000000000000E+03    0.614977409441053168848156929016113281250000E-06
    0.699005676269531250000000000000000000000000E+03    0.576073546199040720239281654357910156250000E-06
    0.713126892089843750000000000000000000000000E+03    0.539633163043617969378829002380371093750000E-06
    0.727532653808593750000000000000000000000000E+03    0.505501077441294910386204719543457031250000E-06
    0.742230102539062500000000000000000000000000E+03    0.473531798661497305147349834442138671875000E-06
    0.757223754882812500000000000000000000000000E+03    0.443588959342378075234591960906982421875000E-06
    0.772521057128906250000000000000000000000000E+03    0.415544633369790972210466861724853515625000E-06
    0.788127380371093750000000000000000000000000E+03    0.389278852708230260759592056274414062500000E-06
    0.804048156738281250000000000000000000000000E+03    0.364679237918608123436570167541503906250000E-06
    0.820291442871093750000000000000000000000000E+03    0.341640401302356622181832790374755859375000E-06
    0.836861999511718750000000000000000000000000E+03    0.320063520575786242261528968811035156250000E-06
    0.853768066406250000000000000000000000000000E+03    0.299856054652991588227450847625732421875000E-06
    0.871014953613281250000000000000000000000000E+03    0.280931203633372206240892410278320312500000E-06
    0.888611083984375000000000000000000000000000E+03    0.263207681427957140840590000152587890625000E-06
    0.906562561035156250000000000000000000000000E+03    0.246609232590344618074595928192138671875000E-06
    0.924875000000000000000000000000000000000000E+03    0.231064532840719039086252450942993164062500E-06
    0.943559204101562500000000000000000000000000E+03    0.216506620631662372034043073654174804687500E-06
    0.962620788574218750000000000000000000000000E+03    0.202872783461316430475562810897827148437500E-06
    0.982067504882812500000000000000000000000000E+03    0.190103790487228252459317445755004882812500E-06
    0.100190509033203125000000000000000000000000E+04    0.178143992002333106938749551773071289062500E-06
    0.102214538574218750000000000000000000000000E+04    0.166941447332646930590271949768066406250000E-06
    0.104279455566406250000000000000000000000000E+04    0.156447569565898447763174772262573242187500E-06
    0.106386083984375000000000000000000000000000E+04    0.146616969232127303257584571838378906250000E-06
    0.108535070800781250000000000000000000000000E+04    0.137407198508299188688397407531738281250000E-06
    0.110727673339843750000000000000000000000000E+04    0.128778594898903975263237953186035156250000E-06
    0.112964575195312500000000000000000000000000E+04    0.120694068073134985752403736114501953125000E-06
    0.115246667480468750000000000000000000000000E+04    0.113118936440059769665822386741638183593750E-06
    0.117574621582031250000000000000000000000000E+04    0.106020770829218236031010746955871582031250E-06
    0.119949841308593750000000000000000000000000E+04    0.993692239603660709690302610397338867187500E-07
    0.122373059082031250000000000000000000000000E+04    0.931359380729190888814628124237060546875000E-07
    0.124845202636718750000000000000000000000000E+04    0.872943672902692924253642559051513671875000E-07
    0.127367065429687500000000000000000000000000E+04    0.818196781438018660992383956909179687500000E-07
    0.129940112304687500000000000000000000000000E+04    0.766886429914848122280091047286987304687500E-07
