  0.741840E-04  0.198565E+08  0.198565E+08  0.257730E+08  0.257719E+08  0.000000E+00  0.198462E+08  0.526050E+00  0.198565E+08
  0.122309E-03  0.198542E+08  0.198542E+08  0.246029E+08  0.246001E+08  0.000000E+00  0.198438E+08  0.526038E+00  0.198542E+08
  0.201653E-03  0.198479E+08  0.198479E+08  0.216636E+08  0.216566E+08  0.000000E+00  0.198375E+08  0.526007E+00  0.198479E+08
  0.332470E-03  0.198312E+08  0.198312E+08  0.152307E+08  0.152154E+08  0.000000E+00  0.198209E+08  0.525933E+00  0.198312E+08
  0.548150E-03  0.197889E+08  0.197889E+08  0.568652E+07  0.565878E+07  0.000000E+00  0.197786E+08  0.525798E+00  0.197889E+08
  0.903746E-03  0.196896E+08  0.196895E+08  0.114004E+07  0.108951E+07  0.000000E+00  0.196792E+08  0.525665E+00  0.196896E+08
  0.149002E-02  0.194781E+08  0.194778E+08  0.227910E+06  0.190318E+06  0.000000E+00  0.194677E+08  0.525608E+00  0.194781E+08
  0.245664E-02  0.190614E+08  0.190607E+08  0.000000E+00  0.000000E+00  0.000000E+00  0.190508E+08  0.525588E+00  0.190613E+08
  0.405031E-02  0.182982E+08  0.182963E+08  0.000000E+00  0.000000E+00  0.000000E+00  0.182867E+08  0.525578E+00  0.182978E+08
  0.458960E-02  0.180322E+08  0.180299E+08  0.000000E+00  0.000000E+00  0.000000E+00  0.180202E+08  0.525576E+00  0.180318E+08
  0.520070E-02  0.177299E+08  0.177269E+08  0.000000E+00  0.000000E+00  0.000000E+00  0.177170E+08  0.525575E+00  0.177294E+08
  0.589316E-02  0.173878E+08  0.173840E+08  0.000000E+00  0.000000E+00  0.000000E+00  0.173736E+08  0.525574E+00  0.173871E+08
  0.667783E-02  0.170020E+08  0.169972E+08  0.000000E+00  0.000000E+00  0.000000E+00  0.169858E+08  0.525573E+00  0.170012E+08
  0.756697E-02  0.165689E+08  0.165628E+08  0.000000E+00  0.000000E+00  0.000000E+00  0.165495E+08  0.525572E+00  0.165678E+08
  0.857450E-02  0.160837E+08  0.160761E+08  0.000000E+00  0.000000E+00  0.000000E+00  0.160594E+08  0.525571E+00  0.160824E+08
  0.971618E-02  0.155416E+08  0.155322E+08  0.000000E+00  0.000000E+00  0.000000E+00  0.155098E+08  0.525569E+00  0.155400E+08
  0.110099E-01  0.149368E+08  0.149249E+08  0.000000E+00  0.000000E+00  0.000000E+00  0.148933E+08  0.525566E+00  0.149347E+08
  0.124758E-01  0.142622E+08  0.142475E+08  0.000000E+00  0.000000E+00  0.000000E+00  0.142011E+08  0.525561E+00  0.142597E+08
  0.141370E-01  0.135103E+08  0.134924E+08  0.000000E+00  0.000000E+00  0.000000E+00  0.134232E+08  0.525554E+00  0.135073E+08
  0.160193E-01  0.126739E+08  0.126520E+08  0.000000E+00  0.000000E+00  0.000000E+00  0.125494E+08  0.525542E+00  0.126701E+08
  0.181522E-01  0.117484E+08  0.117221E+08  0.000000E+00  0.000000E+00  0.000000E+00  0.115725E+08  0.525523E+00  0.117438E+08
  0.205692E-01  0.107370E+08  0.107060E+08  0.000000E+00  0.000000E+00  0.000000E+00  0.104949E+08  0.525492E+00  0.107317E+08
  0.233079E-01  0.965888E+07  0.962293E+07  0.000000E+00  0.000000E+00  0.000000E+00  0.933816E+07  0.525443E+00  0.965271E+07
  0.264113E-01  0.855432E+07  0.851380E+07  0.000000E+00  0.000000E+00  0.000000E+00  0.814773E+07  0.525364E+00  0.854737E+07
  0.299280E-01  0.747890E+07  0.743479E+07  0.000000E+00  0.000000E+00  0.000000E+00  0.698104E+07  0.525238E+00  0.747133E+07
  0.339128E-01  0.647883E+07  0.643295E+07  0.000000E+00  0.000000E+00  0.000000E+00  0.587855E+07  0.525043E+00  0.647096E+07
  0.384283E-01  0.561946E+07  0.557450E+07  0.000000E+00  0.000000E+00  0.000000E+00  0.490230E+07  0.524746E+00  0.561174E+07
  0.435449E-01  0.484177E+07  0.480107E+07  0.000000E+00  0.000000E+00  0.000000E+00  0.401276E+07  0.524301E+00  0.483478E+07
  0.493429E-01  0.418932E+07  0.415608E+07  0.000000E+00  0.000000E+00  0.000000E+00  0.324273E+07  0.523654E+00  0.418362E+07
  0.559128E-01  0.370629E+07  0.368222E+07  0.000000E+00  0.000000E+00  0.000000E+00  0.262858E+07  0.522741E+00  0.370216E+07
  0.633575E-01  0.329203E+07  0.327613E+07  0.000000E+00  0.000000E+00  0.000000E+00  0.208840E+07  0.521505E+00  0.328930E+07
  0.707759E-01  0.293088E+07  0.291889E+07  0.000000E+00  0.000000E+00  0.000000E+00  0.164585E+07  0.520105E+00  0.292882E+07
  0.781943E-01  0.260160E+07  0.258961E+07  0.000000E+00  0.000000E+00  0.000000E+00  0.128216E+07  0.518590E+00  0.259954E+07
  0.856127E-01  0.227974E+07  0.226576E+07  0.000000E+00  0.000000E+00  0.000000E+00  0.979583E+06  0.517017E+00  0.227734E+07
  0.930311E-01  0.199843E+07  0.198273E+07  0.000000E+00  0.000000E+00  0.000000E+00  0.745134E+06  0.515436E+00  0.199574E+07
  0.100449E+00  0.178013E+07  0.176442E+07  0.000000E+00  0.000000E+00  0.000000E+00  0.574121E+06  0.513890E+00  0.177743E+07
  0.107868E+00  0.162422E+07  0.161040E+07  0.000000E+00  0.000000E+00  0.000000E+00  0.452284E+06  0.512412E+00  0.162185E+07
  0.115286E+00  0.151524E+07  0.150434E+07  0.000000E+00  0.000000E+00  0.000000E+00  0.364129E+06  0.511022E+00  0.151337E+07
  0.122705E+00  0.143020E+07  0.142205E+07  0.000000E+00  0.000000E+00  0.000000E+00  0.296654E+06  0.509726E+00  0.142880E+07
  0.130123E+00  0.134673E+07  0.134022E+07  0.000000E+00  0.000000E+00  0.000000E+00  0.241139E+06  0.508540E+00  0.134562E+07
  0.137541E+00  0.125448E+07  0.124827E+07  0.000000E+00  0.000000E+00  0.000000E+00  0.194206E+06  0.507463E+00  0.125341E+07
  0.144960E+00  0.115592E+07  0.114912E+07  0.000000E+00  0.000000E+00  0.000000E+00  0.154919E+06  0.506482E+00  0.115476E+07
  0.152378E+00  0.106002E+07  0.105245E+07  0.000000E+00  0.000000E+00  0.000000E+00  0.123261E+06  0.505607E+00  0.105872E+07
  0.159797E+00  0.977846E+06  0.969962E+06  0.000000E+00  0.000000E+00  0.000000E+00  0.988616E+05  0.504815E+00  0.976493E+06
  0.167215E+00  0.915333E+06  0.907850E+06  0.000000E+00  0.000000E+00  0.000000E+00  0.807151E+05  0.504113E+00  0.914049E+06
  0.174633E+00  0.869388E+06  0.862861E+06  0.000000E+00  0.000000E+00  0.000000E+00  0.670013E+05  0.503486E+00  0.868268E+06
  0.182052E+00  0.833097E+06  0.827681E+06  0.000000E+00  0.000000E+00  0.000000E+00  0.562976E+05  0.502920E+00  0.832168E+06
  0.189470E+00  0.799302E+06  0.794748E+06  0.000000E+00  0.000000E+00  0.000000E+00  0.474983E+05  0.502422E+00  0.798521E+06
  0.196889E+00  0.762319E+06  0.758166E+06  0.000000E+00  0.000000E+00  0.000000E+00  0.399201E+05  0.501980E+00  0.761606E+06
  0.204307E+00  0.721150E+06  0.716974E+06  0.000000E+00  0.000000E+00  0.000000E+00  0.333634E+05  0.501582E+00  0.720433E+06
  0.211725E+00  0.678727E+06  0.674319E+06  0.000000E+00  0.000000E+00  0.000000E+00  0.278228E+05  0.501224E+00  0.677971E+06
  0.219144E+00  0.638973E+06  0.634380E+06  0.000000E+00  0.000000E+00  0.000000E+00  0.232747E+05  0.500906E+00  0.638185E+06
  0.232421E+00  0.583639E+06  0.579286E+06  0.000000E+00  0.000000E+00  0.000000E+00  0.173172E+05  0.500427E+00  0.582892E+06
  0.246503E+00  0.543597E+06  0.540048E+06  0.000000E+00  0.000000E+00  0.000000E+00  0.130855E+05  0.500005E+00  0.542988E+06
  0.261438E+00  0.504546E+06  0.501524E+06  0.000000E+00  0.000000E+00  0.000000E+00  0.982518E+04  0.499648E+00  0.504028E+06
  0.277278E+00  0.459006E+06  0.455971E+06  0.000000E+00  0.000000E+00  0.000000E+00  0.720884E+04  0.499333E+00  0.458485E+06
  0.294078E+00  0.417377E+06  0.414426E+06  0.000000E+00  0.000000E+00  0.000000E+00  0.527071E+04  0.499074E+00  0.416870E+06
  0.311896E+00  0.385484E+06  0.382960E+06  0.000000E+00  0.000000E+00  0.000000E+00  0.390134E+04  0.498863E+00  0.385051E+06
  0.330793E+00  0.354677E+06  0.352423E+06  0.000000E+00  0.000000E+00  0.000000E+00  0.287219E+04  0.498680E+00  0.354290E+06
  0.350835E+00  0.322511E+06  0.320324E+06  0.000000E+00  0.000000E+00  0.000000E+00  0.208907E+04  0.498524E+00  0.322136E+06
  0.372092E+00  0.295435E+06  0.293467E+06  0.000000E+00  0.000000E+00  0.000000E+00  0.152494E+04  0.498398E+00  0.295098E+06
  0.394636E+00  0.271088E+06  0.269330E+06  0.000000E+00  0.000000E+00  0.000000E+00  0.111536E+04  0.498299E+00  0.270786E+06
  0.418546E+00  0.246953E+06  0.245301E+06  0.000000E+00  0.000000E+00  0.000000E+00  0.806010E+03  0.498220E+00  0.246670E+06
  0.443905E+00  0.225906E+06  0.224418E+06  0.000000E+00  0.000000E+00  0.000000E+00  0.587292E+03  0.498151E+00  0.225651E+06
  0.619519E+00  0.134031E+06  0.133145E+06  0.000000E+00  0.000000E+00  0.000000E+00  0.934125E+02  0.497954E+00  0.133879E+06
  0.864609E+00  0.784108E+05  0.778935E+05  0.000000E+00  0.000000E+00  0.000000E+00  0.143036E+02  0.497898E+00  0.783220E+05
  0.120666E+01  0.453090E+05  0.450102E+05  0.000000E+00  0.000000E+00  0.000000E+00  0.222469E+01  0.497887E+00  0.452577E+05
  0.168403E+01  0.259072E+05  0.257364E+05  0.000000E+00  0.000000E+00  0.000000E+00  0.343586E+00  0.497881E+00  0.258779E+05
  0.235025E+01  0.146797E+05  0.145829E+05  0.000000E+00  0.000000E+00  0.000000E+00  0.497945E-01  0.497864E+00  0.146631E+05
  0.328004E+01  0.825279E+04  0.819838E+04  0.000000E+00  0.000000E+00  0.000000E+00  0.671611E-02  0.497858E+00  0.824346E+04
  0.457766E+01  0.460804E+04  0.457764E+04  0.000000E+00  0.000000E+00  0.000000E+00 -0.235256E-03  0.497884E+00  0.460282E+04
  0.638864E+01  0.255760E+04  0.254070E+04  0.000000E+00  0.000000E+00  0.000000E+00  0.350191E-03  0.497950E+00  0.255470E+04
  0.891607E+01  0.141207E+04  0.140271E+04  0.000000E+00  0.000000E+00  0.000000E+00 -0.171697E-03  0.498024E+00  0.141047E+04
  0.124434E+02  0.775980E+03  0.770801E+03  0.000000E+00  0.000000E+00  0.000000E+00  0.202410E-03  0.498103E+00  0.775091E+03
  0.173661E+02  0.424641E+03  0.421771E+03  0.000000E+00  0.000000E+00  0.000000E+00  0.126473E-03  0.497483E+00  0.424149E+03
  0.242364E+02  0.231499E+03  0.229896E+03  0.000000E+00  0.000000E+00  0.000000E+00 -0.166226E-04  0.496698E+00  0.231224E+03
  0.338246E+02  0.125762E+03  0.124851E+03  0.000000E+00  0.000000E+00  0.000000E+00 -0.453377E-04  0.497385E+00  0.125606E+03
  0.472060E+02  0.680920E+02  0.675553E+02  0.000000E+00  0.000000E+00  0.000000E+00  0.744785E-05  0.500869E+00  0.679999E+02
  0.658813E+02  0.367418E+02  0.364071E+02  0.000000E+00  0.000000E+00  0.000000E+00  0.363094E-05  0.493384E+00  0.366843E+02
  0.919448E+02  0.197497E+02  0.195231E+02  0.000000E+00  0.000000E+00  0.000000E+00 -0.314954E-05  0.503529E+00  0.197108E+02
  0.128319E+03  0.105648E+02  0.103956E+02  0.000000E+00  0.000000E+00  0.000000E+00 -0.196182E-06  0.507253E+00  0.105358E+02
  0.179084E+03  0.561276E+01  0.547485E+01  0.000000E+00  0.000000E+00  0.000000E+00  0.138365E-05  0.503544E+00  0.558910E+01
  0.249932E+03  0.295093E+01  0.283225E+01  0.000000E+00  0.000000E+00  0.000000E+00  0.464862E-06  0.512429E+00  0.293057E+01
  0.348808E+03  0.152768E+01  0.142500E+01  0.000000E+00  0.000000E+00  0.000000E+00 -0.411846E-06  0.499027E+00  0.151006E+01
  0.486801E+03  0.775755E+00  0.691040E+00  0.000000E+00  0.000000E+00  0.000000E+00 -0.181528E-07  0.533804E+00  0.761219E+00
  0.679385E+03  0.388222E+00  0.323760E+00  0.000000E+00  0.000000E+00  0.000000E+00 -0.981885E-07  0.519400E+00  0.377161E+00
  0.948159E+03  0.194391E+00  0.147960E+00  0.000000E+00  0.000000E+00  0.000000E+00 -0.415970E-07  0.547062E+00  0.186424E+00
  0.132326E+04  0.980212E-01  0.655289E-01  0.000000E+00  0.000000E+00  0.000000E+00  0.259835E-08  0.605219E+00  0.924459E-01
