    0.999999974737875163555145263671875000000000E-04    0.443746368408203125000000000000000000000000E+03
    0.102020130725577473640441894531250000000000E-03    0.452394012451171875000000000000000000000000E+03
    0.104081082099582999944686889648437500000000E-03    0.461209960937500000000000000000000000000000E+03
    0.106183659227099269628524780273437500000000E-03    0.470197540283203125000000000000000000000000E+03
    0.108328706119209527969360351562500000000000E-03    0.479360076904296875000000000000000000000000E+03
    0.110517095890827476978302001953125000000000E-03    0.488700897216796875000000000000000000000000E+03
    0.112749679828993976116180419921875000000000E-03    0.498223510742187500000000000000000000000000E+03
    0.115027374704368412494659423828125000000000E-03    0.507931457519531250000000000000000000000000E+03
    0.117351090011652559041976928710937500000000E-03    0.517828247070312500000000000000000000000000E+03
    0.119721727969590574502944946289062500000000E-03    0.527917602539062500000000000000000000000000E+03
    0.122140278108417987823486328125000000000000E-03    0.538203247070312500000000000000000000000000E+03
    0.124607671750709414482116699218750000000000E-03    0.548688964843750000000000000000000000000000E+03
    0.127124920254573225975036621093750000000000E-03    0.559378601074218750000000000000000000000000E+03
    0.129692998598329722881317138671875000000000E-03    0.570276123046875000000000000000000000000000E+03
    0.132312969071790575981140136718750000000000E-03    0.581385559082031250000000000000000000000000E+03
    0.134985879412852227687835693359375000000000E-03    0.592710998535156250000000000000000000000000E+03
    0.137712777359411120414733886718750000000000E-03    0.604256591796875000000000000000000000000000E+03
    0.140494754305109381675720214843750000000000E-03    0.616026611328125000000000000000000000000000E+03
    0.143332930747419595718383789062500000000000E-03    0.628025329589843750000000000000000000000000E+03
    0.146228456287644803524017333984375000000000E-03    0.640257263183593750000000000000000000000000E+03
    0.149182465975172817707061767578125000000000E-03    0.652726806640625000000000000000000000000000E+03
    0.152196153067052364349365234375000000000000E-03    0.665438598632812500000000000000000000000000E+03
    0.155270710820332169532775878906250000000000E-03    0.678397338867187500000000000000000000000000E+03
    0.158407390699721872806549072265625000000000E-03    0.691607727050781250000000000000000000000000E+03
    0.161607444169931113719940185546875000000000E-03    0.705074645996093750000000000000000000000000E+03
    0.164872122695669531822204589843750000000000E-03    0.718803039550781250000000000000000000000000E+03
    0.168202750501222908496856689453125000000000E-03    0.732797912597656250000000000000000000000000E+03
    0.171600666362792253494262695312500000000000E-03    0.747064453125000000000000000000000000000000E+03
    0.175067238160409033298492431640625000000000E-03    0.761607849121093750000000000000000000000000E+03
    0.178603833774104714393615722656250000000000E-03    0.776433471679687500000000000000000000000000E+03
    0.182211864739656448364257812500000000000000E-03    0.791546691894531250000000000000000000000000E+03
    0.185892800800502300262451171875000000000000E-03    0.806953125000000000000000000000000000000000E+03
    0.189648068044334650039672851562500000000000E-03    0.822658325195312500000000000000000000000000E+03
    0.193479223526082932949066162109375000000000E-03    0.838668090820312500000000000000000000000000E+03
    0.197387780644930899143218994140625000000000E-03    0.854988281250000000000000000000000000000000E+03
    0.201375267351977527141571044921875000000000E-03    0.871624816894531250000000000000000000000000E+03
    0.205443298909813165664672851562500000000000E-03    0.888583862304687500000000000000000000000000E+03
    0.209593548788689076900482177734375000000000E-03    0.905871459960937500000000000000000000000000E+03
    0.213827603147365152835845947265625000000000E-03    0.923493957519531250000000000000000000000000E+03
    0.218147222767584025859832763671875000000000E-03    0.941457641601562500000000000000000000000000E+03
    0.222554081119596958160400390625000000000000E-03    0.959769104003906250000000000000000000000000E+03
    0.227049968088977038860321044921875000000000E-03    0.978434875488281250000000000000000000000000E+03
    0.231636688113212585449218750000000000000000E-03    0.997461730957031250000000000000000000000000E+03
    0.236316060181707143783569335937500000000000E-03    0.101685650634765625000000000000000000000000E+04
    0.241089961491525173187255859375000000000000E-03    0.103662609863281250000000000000000000000000E+04
    0.245960312895476818084716796875000000000000E-03    0.105677783203125000000000000000000000000000E+04
    0.250929006142541766166687011718750000000000E-03    0.107731872558593750000000000000000000000000E+04
    0.255998136708512902259826660156250000000000E-03    0.109825634765625000000000000000000000000000E+04
    0.261169654550030827522277832031250000000000E-03    0.111959802246093750000000000000000000000000E+04
    0.266445596935227513313293457031250000000000E-03    0.114135144042968750000000000000000000000000E+04
    0.271828175755217671394348144531250000000000E-03    0.116352441406250000000000000000000000000000E+04
    0.277319486485794186592102050781250000000000E-03    0.118612487792968750000000000000000000000000E+04
    0.282921682810410857200622558593750000000000E-03    0.120916088867187500000000000000000000000000E+04
    0.288637093035504221916198730468750000000000E-03    0.123264074707031250000000000000000000000000E+04
    0.294467929052188992500305175781250000000000E-03    0.125657263183593750000000000000000000000000E+04
    0.300416606478393077850341796875000000000000E-03    0.128096508789062500000000000000000000000000E+04
    0.306485395412892103195190429687500000000000E-03    0.130582702636718750000000000000000000000000E+04
    0.312676827888935804367065429687500000000000E-03    0.133116699218750000000000000000000000000000E+04
    0.318993290420621633529663085937500000000000E-03    0.135699414062500000000000000000000000000000E+04
    0.325437402352690696716308593750000000000000E-03    0.138331750488281250000000000000000000000000E+04
    0.332011666614562273025512695312500000000000E-03    0.141014648437500000000000000000000000000000E+04
    0.338718760758638381958007812500000000000000E-03    0.143749047851562500000000000000000000000000E+04
    0.345561362337321043014526367187500000000000E-03    0.146535913085937500000000000000000000000000E+04
    0.352542119799181818962097167968750000000000E-03    0.149376196289062500000000000000000000000000E+04
    0.359663943527266383171081542968750000000000E-03    0.152270886230468750000000000000000000000000E+04
    0.366929627489298582077026367187500000000000E-03    0.155220983886718750000000000000000000000000E+04
    0.374342111172154545783996582031250000000000E-03    0.158227502441406250000000000000000000000000E+04
    0.381904304958879947662353515625000000000000E-03    0.161291479492187500000000000000000000000000E+04
    0.389619322959333658218383789062500000000000E-03    0.164413952636718750000000000000000000000000E+04
    0.397490162868052721023559570312500000000000E-03    0.167596008300781250000000000000000000000000E+04
    0.405519997002556920051574707031250000000000E-03    0.170838720703125000000000000000000000000000E+04
    0.413712026784196496009826660156250000000000E-03    0.174143188476562500000000000000000000000000E+04
    0.422069540945813059806823730468750000000000E-03    0.177510546875000000000000000000000000000000E+04
    0.430595915531739592552185058593750000000000E-03    0.180941943359375000000000000000000000000000E+04
    0.439294555690139532089233398437500000000000E-03    0.184438513183593750000000000000000000000000E+04
    0.448168895673006772994995117187500000000000E-03    0.188001440429687500000000000000000000000000E+04
    0.457222486147657036781311035156250000000000E-03    0.191631945800781250000000000000000000000000E+04
    0.466458965092897415161132812500000000000000E-03    0.195331225585937500000000000000000000000000E+04
    0.475882086902856826782226562500000000000000E-03    0.199100537109375000000000000000000000000000E+04
    0.485495547764003276824951171875000000000000E-03    0.202941113281250000000000000000000000000000E+04
    0.495303189381957054138183593750000000000000E-03    0.206854248046875000000000000000000000000000E+04
    0.505309028085321187973022460937500000000000E-03    0.210841235351562500000000000000000000000000E+04
    0.515516963787376880645751953125000000000000E-03    0.214903417968750000000000000000000000000000E+04
    0.525931071024388074874877929687500000000000E-03    0.219042089843750000000000000000000000000000E+04
    0.536555540747940540313720703125000000000000E-03    0.223258666992187500000000000000000000000000E+04
    0.547394680324941873550415039062500000000000E-03    0.227554492187500000000000000000000000000000E+04
    0.558452797122299671173095703125000000000000E-03    0.231931005859375000000000000000000000000000E+04
    0.569734314922243356704711914062500000000000E-03    0.236389575195312500000000000000000000000000E+04
    0.581243715714663267135620117187500000000000E-03    0.240931640625000000000000000000000000000000E+04
    0.592985597904771566390991210937500000000000E-03    0.245558618164062500000000000000000000000000E+04
    0.604964734520763158798217773437500000000000E-03    0.250271972656250000000000000000000000000000E+04
    0.617185782175511121749877929687500000000000E-03    0.255073193359375000000000000000000000000000E+04
    0.629653746727854013442993164062500000000000E-03    0.259963769531250000000000000000000000000000E+04
    0.642373692244291305541992187500000000000000E-03    0.264945214843750000000000000000000000000000E+04
    0.655350449960678815841674804687500000000000E-03    0.270019067382812500000000000000000000000000E+04
    0.668589433189481496810913085937500000000000E-03    0.275186889648437500000000000000000000000000E+04
    0.682095822412520647048950195312500000000000E-03    0.280450268554687500000000000000000000000000E+04
    0.695875030942261219024658203125000000000000E-03    0.285810791015625000000000000000000000000000E+04
    0.709932646714150905609130859375000000000000E-03    0.291270117187500000000000000000000000000000E+04
    0.724274199455976486206054687500000000000000E-03    0.296829858398437500000000000000000000000000E+04
    0.738905626349151134490966796875000000000000E-03    0.302491699218750000000000000000000000000000E+04
    0.753832457121461629867553710937500000000000E-03    0.308257299804687500000000000000000000000000E+04
    0.769060861784964799880981445312500000000000E-03    0.314128417968750000000000000000000000000000E+04
    0.784596893936395645141601562500000000000000E-03    0.320106787109375000000000000000000000000000E+04
    0.800446781795471906661987304687500000000000E-03    0.326194116210937500000000000000000000000000E+04
    0.816616869997233152389526367187500000000000E-03    0.332392236328125000000000000000000000000000E+04
    0.833113677799701690673828125000000000000000E-03    0.338702905273437500000000000000000000000000E+04
    0.849943608045578002929687500000000000000000E-03    0.345127978515625000000000000000000000000000E+04
    0.867113587446510791778564453125000000000000E-03    0.351669287109375000000000000000000000000000E+04
    0.884630659129470586776733398437500000000000E-03    0.358328710937500000000000000000000000000000E+04
    0.902501342352479696273803710937500000000000E-03    0.365108129882812500000000000000000000000000E+04
    0.920733029488474130630493164062500000000000E-03    0.372009448242187500000000000000000000000000E+04
    0.939333112910389900207519531250000000000000E-03    0.379034521484375000000000000000000000000000E+04
    0.958308868575841188430786132812500000000000E-03    0.386185205078125000000000000000000000000000E+04
    0.977667979896068572998046875000000000000000E-03    0.393463378906250000000000000000000000000000E+04
    0.997418188489973545074462890625000000000000E-03    0.400870898437500000000000000000000000000000E+04
    0.101756735239177942276000976562500000000000E-02    0.408409667968750000000000000000000000000000E+04
    0.103812362067401409149169921875000000000000E-02    0.416081591796875000000000000000000000000000E+04
    0.105909502599388360977172851562500000000000E-02    0.423888623046875000000000000000000000000000E+04
    0.108049006666988134384155273437500000000000E-02    0.431832666015625000000000000000000000000000E+04
    0.110231747385114431381225585937500000000000E-02    0.439915673828125000000000000000000000000000E+04
    0.112458574585616588592529296875000000000000E-02    0.448139599609375000000000000000000000000000E+04
    0.114730407949537038803100585937500000000000E-02    0.456506445312500000000000000000000000000000E+04
    0.117048120591789484024047851562500000000000E-02    0.465018164062500000000000000000000000000000E+04
    0.119412643834948539733886718750000000000000E-02    0.473676757812500000000000000000000000000000E+04
    0.121824943926185369491577148437500000000000E-02    0.482484228515625000000000000000000000000000E+04
    0.124285963829606771469116210937500000000000E-02    0.491442626953125000000000000000000000000000E+04
    0.126796704716980457305908203125000000000000E-02    0.500553955078125000000000000000000000000000E+04
    0.129358167760074138641357421875000000000000E-02    0.509820214843750000000000000000000000000000E+04
    0.131971365772187709808349609375000000000000E-02    0.519243457031250000000000000000000000000000E+04
    0.134637358132749795913696289062500000000000E-02    0.528825781250000000000000000000000000000000E+04
    0.137357215862721204757690429687500000000000E-02    0.538569189453125000000000000000000000000000E+04
    0.140132009983062744140625000000000000000000E-02    0.548475732421875000000000000000000000000000E+04
    0.142962858080863952636718750000000000000000E-02    0.558547509765625000000000000000000000000000E+04
    0.145850901026278734207153320312500000000000E-02    0.568786572265625000000000000000000000000000E+04
    0.148797314614057540893554687500000000000000E-02    0.579195019531250000000000000000000000000000E+04
    0.151803228072822093963623046875000000000000E-02    0.589774853515625000000000000000000000000000E+04
    0.154869852121919393539428710937500000000000E-02    0.600527978515625000000000000000000000000000E+04
    0.157998420763760805130004882812500000000000E-02    0.611456201171875000000000000000000000000000E+04
    0.161190202925354242324829101562500000000000E-02    0.622561328125000000000000000000000000000000E+04
    0.164446467533707618713378906250000000000000E-02    0.633845166015625000000000000000000000000000E+04
    0.167768495157361030578613281250000000000000E-02    0.645309472656250000000000000000000000000000E+04
    0.171157636214047670364379882812500000000000E-02    0.656955908203125000000000000000000000000000E+04
    0.174615241121500730514526367187500000000000E-02    0.668786279296875000000000000000000000000000E+04
    0.178142695222049951553344726562500000000000E-02    0.680802246093750000000000000000000000000000E+04
    0.181741418782621622085571289062500000000000E-02    0.693005419921875000000000000000000000000000E+04
    0.185412843711674213409423828125000000000000E-02    0.705397509765625000000000000000000000000000E+04
    0.189158413559198379516601562500000000000000E-02    0.717980029296875000000000000000000000000000E+04
    0.192979711573570966720581054687500000000000E-02    0.730754541015625000000000000000000000000000E+04
    0.196878169663250446319580078125000000000000E-02    0.743722607421875000000000000000000000000000E+04
    0.200855359435081481933593750000000000000000E-02    0.756885693359375000000000000000000000000000E+04
    0.204912899062037467956542968750000000000000E-02    0.770245214843750000000000000000000000000000E+04
    0.209052418358623981475830078125000000000000E-02    0.783802636718750000000000000000000000000000E+04
    0.213275570422410964965820312500000000000000E-02    0.797559228515625000000000000000000000000000E+04
    0.217583985067903995513916015625000000000000E-02    0.811516357421875000000000000000000000000000E+04
    0.221979478374123573303222656250000000000000E-02    0.825675195312500000000000000000000000000000E+04
    0.226463773287832736968994140625000000000000E-02    0.840037109375000000000000000000000000000000E+04
    0.231038639321923255920410156250000000000000E-02    0.854603027343750000000000000000000000000000E+04
    0.235705915838479995727539062500000000000000E-02    0.869374218750000000000000000000000000000000E+04
    0.240467488765716552734375000000000000000000E-02    0.884351660156250000000000000000000000000000E+04
    0.245325244031846523284912109375000000000000E-02    0.899536230468750000000000000000000000000000E+04
    0.250281183980405330657958984375000000000000E-02    0.914928906250000000000000000000000000000000E+04
    0.255337217822670936584472656250000000000000E-02    0.930529980468750000000000000000000000000000E+04
    0.260495371185243129730224609375000000000000E-02    0.946339746093750000000000000000000000000000E+04
    0.265757716260850429534912109375000000000000E-02    0.962358300781250000000000000000000000000000E+04
    0.271126371808350086212158203125000000000000E-02    0.978585644531250000000000000000000000000000E+04
    0.276603479869663715362548828125000000000000E-02    0.995021777343750000000000000000000000000000E+04
    0.282191229052841663360595703125000000000000E-02    0.101166630859375000000000000000000000000000E+05
    0.287891877815127372741699218750000000000000E-02    0.102851884765625000000000000000000000000000E+05
    0.293707661330699920654296875000000000000000E-02    0.104557910156250000000000000000000000000000E+05
    0.299640954472124576568603515625000000000000E-02    0.106284628906250000000000000000000000000000E+05
    0.305694085545837879180908203125000000000000E-02    0.108031972656250000000000000000000000000000E+05
    0.311869522556662559509277343750000000000000E-02    0.109799843750000000000000000000000000000000E+05
    0.318169780075550079345703125000000000000000E-02    0.111588154296875000000000000000000000000000E+05
    0.324597232975065708160400390625000000000000E-02    0.113396767578125000000000000000000000000000E+05
    0.331154512241482734680175781250000000000000E-02    0.115225566406250000000000000000000000000000E+05
    0.337844272144138813018798828125000000000000E-02    0.117074384765625000000000000000000000000000E+05
    0.344669190235435962677001953125000000000000E-02    0.118943076171875000000000000000000000000000E+05
    0.351631967350840568542480468750000000000000E-02    0.120831445312500000000000000000000000000000E+05
    0.358735374175012111663818359375000000000000E-02    0.122739296875000000000000000000000000000000E+05
    0.365982321090996265411376953125000000000000E-02    0.124666416015625000000000000000000000000000E+05
    0.373375625349581241607666015625000000000000E-02    0.126612568359375000000000000000000000000000E+05
    0.380918313749134540557861328125000000000000E-02    0.128577500000000000000000000000000000000000E+05
    0.388613343238830566406250000000000000000000E-02    0.130560957031250000000000000000000000000000E+05
    0.396463880315423011779785156250000000000000E-02    0.132562636718750000000000000000000000000000E+05
    0.404472928494215011596679687500000000000000E-02    0.134582236328125000000000000000000000000000E+05
    0.412643933668732643127441406250000000000000E-02    0.136619414062500000000000000000000000000000E+05
    0.420979922637343406677246093750000000000000E-02    0.138673769531250000000000000000000000000000E+05
    0.429484248161315917968750000000000000000000E-02    0.140744824218750000000000000000000000000000E+05
    0.438160402700304985046386718750000000000000E-02    0.142832099609375000000000000000000000000000E+05
    0.447011832147836685180664062500000000000000E-02    0.144935078125000000000000000000000000000000E+05
    0.456042028963565826416015625000000000000000E-02    0.147053232421875000000000000000000000000000E+05
    0.465254718437790870666503906250000000000000E-02    0.149186005859375000000000000000000000000000E+05
    0.474653439596295356750488281250000000000000E-02    0.151332783203125000000000000000000000000000E+05
    0.484242103993892669677734375000000000000000E-02    0.153492978515625000000000000000000000000000E+05
    0.494024436920881271362304687500000000000000E-02    0.155665937500000000000000000000000000000000E+05
    0.504004349932074546813964843750000000000000E-02    0.157851005859375000000000000000000000000000E+05
    0.514185894280672073364257812500000000000000E-02    0.160047480468750000000000000000000000000000E+05
    0.524573167786002159118652343750000000000000E-02    0.162254638671875000000000000000000000000000E+05
    0.535170361399650573730468750000000000000000E-02    0.164471699218750000000000000000000000000000E+05
    0.545981479808688163757324218750000000000000E-02    0.166697832031250000000000000000000000000000E+05
    0.557011039927601814270019531250000000000000E-02    0.168932187500000000000000000000000000000000E+05
    0.568263372406363487243652343750000000000000E-02    0.171173808593750000000000000000000000000000E+05
    0.579743087291717529296875000000000000000000E-02    0.173421816406250000000000000000000000000000E+05
    0.591454654932022094726562500000000000000000E-02    0.175675234375000000000000000000000000000000E+05
    0.603402825072407722473144531250000000000000E-02    0.177933027343750000000000000000000000000000E+05
    0.615592347458004951477050781250000000000000E-02    0.180194121093750000000000000000000000000000E+05
    0.628028111532330513000488281250000000000000E-02    0.182457402343750000000000000000000000000000E+05
    0.640715099871158599853515625000000000000000E-02    0.184721718750000000000000000000000000000000E+05
    0.653658434748649597167968750000000000000000E-02    0.186985878906250000000000000000000000000000E+05
    0.666863145306706428527832031250000000000000E-02    0.189248652343750000000000000000000000000000E+05
    0.680334679782390594482421875000000000000000E-02    0.191508769531250000000000000000000000000000E+05
    0.694078346714377403259277343750000000000000E-02    0.193764882812500000000000000000000000000000E+05
    0.708099640905857086181640625000000000000000E-02    0.196015585937500000000000000000000000000000E+05
    0.722404150292277336120605468750000000000000E-02    0.198259414062500000000000000000000000000000E+05
    0.736997742205858230590820312500000000000000E-02    0.200494902343750000000000000000000000000000E+05
    0.751886051148176193237304687500000000000000E-02    0.202720546875000000000000000000000000000000E+05
    0.767075084149837493896484375000000000000000E-02    0.204934785156250000000000000000000000000000E+05
    0.782571360468864440917968750000000000000000E-02    0.207135957031250000000000000000000000000000E+05
    0.798380374908447265625000000000000000000000E-02    0.209322343750000000000000000000000000000000E+05
    0.814508739858865737915039062500000000000000E-02    0.211492167968750000000000000000000000000000E+05
    0.830962881445884704589843750000000000000000E-02    0.213643671875000000000000000000000000000000E+05
    0.847749505192041397094726562500000000000000E-02    0.215775000000000000000000000000000000000000E+05
    0.864875130355358123779296875000000000000000E-02    0.217884277343750000000000000000000000000000E+05
    0.882346741855144500732421875000000000000000E-02    0.219969589843750000000000000000000000000000E+05
    0.900171231478452682495117187500000000000000E-02    0.222028847656250000000000000000000000000000E+05
    0.918355956673622131347656250000000000000000E-02    0.224059941406250000000000000000000000000000E+05
    0.936907902359962463378906250000000000000000E-02    0.226060761718750000000000000000000000000000E+05
    0.955834705382585525512695312500000000000000E-02    0.228029140625000000000000000000000000000000E+05
    0.975143909454345703125000000000000000000000E-02    0.229962910156250000000000000000000000000000E+05
    0.994843058288097381591796875000000000000000E-02    0.231859824218750000000000000000000000000000E+05
    0.101494016125798225402832031250000000000000E-01    0.233717460937500000000000000000000000000000E+05
    0.103544332087039947509765625000000000000000E-01    0.235533378906250000000000000000000000000000E+05
    0.105636063963174819946289062500000000000000E-01    0.237305156250000000000000000000000000000000E+05
    0.107770059257745742797851562500000000000000E-01    0.239030312500000000000000000000000000000000E+05
    0.109947146847844123840332031250000000000000E-01    0.240706347656250000000000000000000000000000E+05
    0.112168220803141593933105468750000000000000E-01    0.242330761718750000000000000000000000000000E+05
    0.114434175193309783935546875000000000000000E-01    0.243900839843750000000000000000000000000000E+05
    0.116745894774794578552246093750000000000000E-01    0.245413886718750000000000000000000000000000E+05
    0.119104310870170593261718750000000000000000E-01    0.246867128906250000000000000000000000000000E+05
    0.121510382741689682006835937500000000000000E-01    0.248257832031250000000000000000000000000000E+05
    0.123965051025152206420898437500000000000000E-01    0.249583300781250000000000000000000000000000E+05
    0.126469302922487258911132812500000000000000E-01    0.250840820312500000000000000000000000000000E+05
    0.129024153575301170349121093750000000000000E-01    0.252027480468750000000000000000000000000000E+05
    0.131630674004554748535156250000000000000000E-01    0.253140390625000000000000000000000000000000E+05
    0.134289795532822608947753906250000000000000E-01    0.254176601562500000000000000000000000000000E+05
    0.137002617120742797851562500000000000000000E-01    0.255133261718750000000000000000000000000000E+05
    0.139770256355404853820800781250000000000000E-01    0.256007519531250000000000000000000000000000E+05
    0.142593793570995330810546875000000000000000E-01    0.256796621093750000000000000000000000000000E+05
    0.145474374294281005859375000000000000000000E-01    0.257497714843750000000000000000000000000000E+05
    0.148413162678480148315429687500000000000000E-01    0.258107890625000000000000000000000000000000E+05
    0.151411294937133789062500000000000000000000E-01    0.258624277343750000000000000000000000000000E+05
    0.154470009729266166687011718750000000000000E-01    0.259044140625000000000000000000000000000000E+05
    0.157590489834547042846679687500000000000000E-01    0.259364765625000000000000000000000000000000E+05
    0.160774048417806625366210937500000000000000E-01    0.259583613281250000000000000000000000000000E+05
    0.164021886885166168212890625000000000000000E-01    0.259698105468750000000000000000000000000000E+05
    0.167335346341133117675781250000000000000000E-01    0.259705683593750000000000000000000000000000E+05
    0.170715730637311935424804687500000000000000E-01    0.259603828125000000000000000000000000000000E+05
    0.174164418131113052368164062500000000000000E-01    0.259390175781250000000000000000000000000000E+05
    0.177682787179946899414062500000000000000000E-01    0.259062539062500000000000000000000000000000E+05
    0.181272197514772415161132812500000000000000E-01    0.258618867187500000000000000000000000000000E+05
    0.184934139251708984375000000000000000000000E-01    0.258057324218750000000000000000000000000000E+05
    0.188670046627521514892578125000000000000000E-01    0.257376367187500000000000000000000000000000E+05
    0.192481447011232376098632812500000000000000E-01    0.256574707031250000000000000000000000000000E+05
    0.196369830518960952758789062500000000000000E-01    0.255651269531250000000000000000000000000000E+05
    0.200336743146181106567382812500000000000000E-01    0.254605136718750000000000000000000000000000E+05
    0.204383805394172668457031250000000000000000E-01    0.253435644531250000000000000000000000000000E+05
    0.208512637764215469360351562500000000000000E-01    0.252142285156250000000000000000000000000000E+05
    0.212724860757589340209960937500000000000000E-01    0.250724570312500000000000000000000000000000E+05
    0.217022281140089035034179687500000000000000E-01    0.249182050781250000000000000000000000000000E+05
    0.221406426280736923217773437500000000000000E-01    0.247514550781250000000000000000000000000000E+05
    0.225879121571779251098632812500000000000000E-01    0.245722109375000000000000000000000000000000E+05
    0.230442192405462265014648437500000000000000E-01    0.243805058593750000000000000000000000000000E+05
    0.235097426921129226684570312500000000000000E-01    0.241764062500000000000000000000000000000000E+05
    0.239846706390380859375000000000000000000000E-01    0.239601875000000000000000000000000000000000E+05
    0.244691912084817886352539062500000000000000E-01    0.237323593750000000000000000000000000000000E+05
    0.249635018408298492431640625000000000000000E-01    0.234934609375000000000000000000000000000000E+05
    0.254677981138229370117187500000000000000000E-01    0.232440351562500000000000000000000000000000E+05
    0.259822811931371688842773437500000000000000E-01    0.229846347656250000000000000000000000000000E+05
    0.265071578323841094970703125000000000000000E-01    0.227158125000000000000000000000000000000000E+05
    0.270426385104656219482421875000000000000000E-01    0.224379042968750000000000000000000000000000E+05
    0.275889337062835693359375000000000000000000E-01    0.221507363281250000000000000000000000000000E+05
    0.281462669372558593750000000000000000000000E-01    0.218541035156250000000000000000000000000000E+05
    0.287148579955101013183593750000000000000000E-01    0.215478457031250000000000000000000000000000E+05
    0.292949359863996505737304687500000000000000E-01    0.212318496093750000000000000000000000000000E+05
    0.298867337405681610107421875000000000000000E-01    0.209060488281250000000000000000000000000000E+05
    0.304904840886592864990234375000000000000000E-01    0.205709648437500000000000000000000000000000E+05
    0.311064328998327255249023437500000000000000E-01    0.202297421875000000000000000000000000000000E+05
    0.317348241806030273437500000000000000000000E-01    0.198861464843750000000000000000000000000000E+05
    0.323759093880653381347656250000000000000000E-01    0.195437128906250000000000000000000000000000E+05
    0.330299474298954010009765625000000000000000E-01    0.192057500000000000000000000000000000000000E+05
    0.336971953511238098144531250000000000000000E-01    0.188753417968750000000000000000000000000000E+05
    0.343779213726520538330078125000000000000000E-01    0.185550507812500000000000000000000000000000E+05
    0.350724011659622192382812500000000000000000E-01    0.182439687500000000000000000000000000000000E+05
    0.357809104025363922119140625000000000000000E-01    0.179392246093750000000000000000000000000000E+05
    0.365037508308887481689453125000000000000000E-01    0.176381035156250000000000000000000000000000E+05
    0.372411720454692840576171875000000000000000E-01    0.173380585937500000000000000000000000000000E+05
    0.379934944212436676025390625000000000000000E-01    0.170367265625000000000000000000000000000000E+05
    0.387610122561454772949218750000000000000000E-01    0.167319589843750000000000000000000000000000E+05
    0.395440347492694854736328125000000000000000E-01    0.164233671875000000000000000000000000000000E+05
    0.403428785502910614013671875000000000000000E-01    0.161124882812500000000000000000000000000000E+05
    0.411578565835952758789062500000000000000000E-01    0.158008720703125000000000000000000000000000E+05
    0.419893004000186920166015625000000000000000E-01    0.154899716796875000000000000000000000000000E+05
    0.428375415503978729248046875000000000000000E-01    0.151811396484375000000000000000000000000000E+05
    0.437029153108596801757812500000000000000000E-01    0.148756347656250000000000000000000000000000E+05
    0.445857718586921691894531250000000000000000E-01    0.145751953125000000000000000000000000000000E+05
    0.454864650964736938476562500000000000000000E-01    0.142827548828125000000000000000000000000000E+05
    0.464053489267826080322265625000000000000000E-01    0.140011953125000000000000000000000000000000E+05
    0.473427996039390563964843750000000000000000E-01    0.137331640625000000000000000000000000000000E+05
    0.482991859316825866699218750000000000000000E-01    0.134810986328125000000000000000000000000000E+05
    0.492748953402042388916015625000000000000000E-01    0.132472568359375000000000000000000000000000E+05
    0.502703115344047546386718750000000000000000E-01    0.130330234375000000000000000000000000000000E+05
    0.512858368456363677978515625000000000000000E-01    0.128361884765625000000000000000000000000000E+05
    0.523218810558319091796875000000000000000000E-01    0.126536318359375000000000000000000000000000E+05
    0.533788502216339111328125000000000000000000E-01    0.124824248046875000000000000000000000000000E+05
    0.544571764767169952392578125000000000000000E-01    0.123198066406250000000000000000000000000000E+05
    0.555572807788848876953125000000000000000000E-01    0.121631611328125000000000000000000000000000E+05
    0.566796138882637023925781250000000000000000E-01    0.120100390625000000000000000000000000000000E+05
    0.578246153891086578369140625000000000000000E-01    0.118585000000000000000000000000000000000000E+05
    0.589927472174167633056640625000000000000000E-01    0.117069365234375000000000000000000000000000E+05
    0.601844787597656250000000000000000000000000E-01    0.115538291015625000000000000000000000000000E+05
    0.614003166556358337402343750000000000000000E-01    0.113977382812500000000000000000000000000000E+05
    0.626406818628311157226562500000000000000000E-01    0.112373125000000000000000000000000000000000E+05
    0.639061108231544494628906250000000000000000E-01    0.110713085937500000000000000000000000000000E+05
    0.651970952749252319335937500000000000000000E-01    0.108991875000000000000000000000000000000000E+05
    0.665141642093658447265625000000000000000000E-01    0.107211914062500000000000000000000000000000E+05
    0.678578317165374755859375000000000000000000E-01    0.105376191406250000000000000000000000000000E+05
    0.692286565899848937988281250000000000000000E-01    0.103487822265625000000000000000000000000000E+05
    0.706271678209304809570312500000000000000000E-01    0.101550019531250000000000000000000000000000E+05
    0.720539242029190063476562500000000000000000E-01    0.995624804687500000000000000000000000000000E+04
    0.735095068812370300292968750000000000000000E-01    0.975056835937500000000000000000000000000000E+04
    0.749944970011711120605468750000000000000000E-01    0.953556542968750000000000000000000000000000E+04
    0.765094906091690063476562500000000000000000E-01    0.930912792968750000000000000000000000000000E+04
    0.780550837516784667968750000000000000000000E-01    0.906945800781250000000000000000000000000000E+04
    0.796318948268890380859375000000000000000000E-01    0.881570996093750000000000000000000000000000E+04
    0.812405645847320556640625000000000000000000E-01    0.855043554687500000000000000000000000000000E+04
    0.828817337751388549804687500000000000000000E-01    0.827707714843750000000000000000000000000000E+04
    0.845560505986213684082031250000000000000000E-01    0.799882617187500000000000000000000000000000E+04
    0.862641930580139160156250000000000000000000E-01    0.771861474609375000000000000000000000000000E+04
    0.880068466067314147949218750000000000000000E-01    0.743952246093750000000000000000000000000000E+04
    0.897847041487693786621093750000000000000000E-01    0.716484667968750000000000000000000000000000E+04
    0.915984734892845153808593750000000000000000E-01    0.689748925781250000000000000000000000000000E+04
    0.934488773345947265625000000000000000000000E-01    0.663993115234375000000000000000000000000000E+04
    0.953366756439208984375000000000000000000000E-01    0.639437792968750000000000000000000000000000E+04
    0.972625985741615295410156250000000000000000E-01    0.616289599609375000000000000000000000000000E+04
    0.992274358868598937988281250000000000000000E-01    0.594723095703125000000000000000000000000000E+04
    0.101232007145881652832031250000000000000000E+00    0.574881738281250000000000000000000000000000E+04
    0.103277020156383514404296875000000000000000E+00    0.556819970703125000000000000000000000000000E+04
    0.105363354086875915527343750000000000000000E+00    0.540496875000000000000000000000000000000000E+04
    0.107491828501224517822265625000000000000000E+00    0.525869970703125000000000000000000000000000E+04
    0.109663315117359161376953125000000000000000E+00    0.512881542968750000000000000000000000000000E+04
    0.111878655850887298583984375000000000000000E+00    0.501340869140625000000000000000000000000000E+04
    0.114138752222061157226562500000000000000000E+00    0.491019921875000000000000000000000000000000E+04
    0.116444505751132965087890625000000000000000E+00    0.481707568359375000000000000000000000000000E+04
    0.118796832859516143798828125000000000000000E+00    0.473111767578125000000000000000000000000000E+04
    0.121196687221527099609375000000000000000000E+00    0.464864404296875000000000000000000000000000E+04
    0.123645029962062835693359375000000000000000E+00    0.456618457031250000000000000000000000000000E+04
    0.126142814755439758300781250000000000000000E+00    0.448042285156250000000000000000000000000000E+04
    0.128691077232360839843750000000000000000000E+00    0.438818750000000000000000000000000000000000E+04
    0.131290808320045471191406250000000000000000E+00    0.428663574218750000000000000000000000000000E+04
    0.133943051099777221679687500000000000000000E+00    0.417416308593750000000000000000000000000000E+04
    0.136648878455162048339843750000000000000000E+00    0.405046923828125000000000000000000000000000E+04
    0.139409363269805908203125000000000000000000E+00    0.391567016601562500000000000000000000000000E+04
    0.142225623130798339843750000000000000000000E+00    0.377150170898437500000000000000000000000000E+04
    0.145098760724067687988281250000000000000000E+00    0.362054663085937500000000000000000000000000E+04
    0.148029953241348266601562500000000000000000E+00    0.346574584960937500000000000000000000000000E+04
    0.151020348072052001953125000000000000000000E+00    0.331146020507812500000000000000000000000000E+04
    0.154071167111396789550781250000000000000000E+00    0.316178857421875000000000000000000000000000E+04
    0.157183602452278137207031250000000000000000E+00    0.302062329101562500000000000000000000000000E+04
    0.160358920693397521972656250000000000000000E+00    0.289155297851562500000000000000000000000000E+04
    0.163598373532295227050781250000000000000000E+00    0.277684765625000000000000000000000000000000E+04
    0.166903272271156311035156250000000000000000E+00    0.267681933593750000000000000000000000000000E+04
    0.170275032520294189453125000000000000000000E+00    0.259118505859375000000000000000000000000000E+04
    0.173714801669120788574218750000000000000000E+00    0.251801904296875000000000000000000000000000E+04
    0.177224084734916687011718750000000000000000E+00    0.245499340820312500000000000000000000000000E+04
    0.180804237723350524902343750000000000000000E+00    0.239899584960937500000000000000000000000000E+04
    0.184456720948219299316406250000000000000000E+00    0.234660888671875000000000000000000000000000E+04
    0.188182994723320007324218750000000000000000E+00    0.229405786132812500000000000000000000000000E+04
    0.191984534263610839843750000000000000000000E+00    0.223755810546875000000000000000000000000000E+04
    0.195862874388694763183593750000000000000000E+00    0.217460131835937500000000000000000000000000E+04
    0.199819564819335937500000000000000000000000E+00    0.210379492187500000000000000000000000000000E+04
    0.203856185078620910644531250000000000000000E+00    0.202569067382812500000000000000000000000000E+04
    0.207974359393119812011718750000000000000000E+00    0.194199035644531250000000000000000000000000E+04
    0.212175697088241577148437500000000000000000E+00    0.185549316406250000000000000000000000000000E+04
    0.216461926698684692382812500000000000000000E+00    0.176955664062500000000000000000000000000000E+04
    0.220834761857986450195312500000000000000000E+00    0.168840551757812500000000000000000000000000E+04
    0.225295916199684143066406250000000000000000E+00    0.161481140136718750000000000000000000000000E+04
    0.229847192764282226562500000000000000000000E+00    0.154981518554687500000000000000000000000000E+04
    0.234490394592285156250000000000000000000000E+00    0.149413623046875000000000000000000000000000E+04
    0.239227414131164550781250000000000000000000E+00    0.144671411132812500000000000000000000000000E+04
    0.244060128927230834960937500000000000000000E+00    0.140474304199218750000000000000000000000000E+04
    0.248990446329116821289062500000000000000000E+00    0.136563879394531250000000000000000000000000E+04
    0.254020392894744873046875000000000000000000E+00    0.132687341308593750000000000000000000000000E+04
    0.259151935577392578125000000000000000000000E+00    0.128598144531250000000000000000000000000000E+04
    0.264387160539627075195312500000000000000000E+00    0.124092919921875000000000000000000000000000E+04
    0.269728124141693115234375000000000000000000E+00    0.119204870605468750000000000000000000000000E+04
    0.275177001953125000000000000000000000000000E+00    0.114137426757812500000000000000000000000000E+04
    0.280736058950424194335937500000000000000000E+00    0.109077270507812500000000000000000000000000E+04
    0.286407291889190673828125000000000000000000E+00    0.104225012207031250000000000000000000000000E+04
    0.292193114757537841796875000000000000000000E+00    0.997764953613281250000000000000000000000000E+03
    0.298095792531967163085937500000000000000000E+00    0.958764099121093750000000000000000000000000E+03
    0.304117560386657714843750000000000000000000E+00    0.924541992187500000000000000000000000000000E+03
    0.310261309146881103515625000000000000000000E+00    0.893328674316406250000000000000000000000000E+03
    0.316528826951980590820312500000000000000000E+00    0.863570861816406250000000000000000000000000E+03
    0.322923272848129272460937500000000000000000E+00    0.833951843261718750000000000000000000000000E+03
    0.329446613788604736328125000000000000000000E+00    0.803352844238281250000000000000000000000000E+03
    0.336102008819580078125000000000000000000000E+00    0.771062255859375000000000000000000000000000E+03
    0.342891573905944824218750000000000000000000E+00    0.738164733886718750000000000000000000000000E+03
    0.349818587303161621093750000000000000000000E+00    0.706316162109375000000000000000000000000000E+03
    0.356885224580764770507812500000000000000000E+00    0.676754455566406250000000000000000000000000E+03
    0.364094972610473632812500000000000000000000E+00    0.649584045410156250000000000000000000000000E+03
    0.371450334787368774414062500000000000000000E+00    0.624540954589843750000000000000000000000000E+03
    0.378953933715820312500000000000000000000000E+00    0.601282714843750000000000000000000000000000E+03
    0.386609494686126708984375000000000000000000E+00    0.578970031738281250000000000000000000000000E+03
    0.394419312477111816406250000000000000000000E+00    0.556711059570312500000000000000000000000000E+03
    0.402387291193008422851562500000000000000000E+00    0.533998046875000000000000000000000000000000E+03
    0.410515844821929931640625000000000000000000E+00    0.511452819824218750000000000000000000000000E+03
    0.418809026479721069335937500000000000000000E+00    0.489876647949218750000000000000000000000000E+03
    0.427269339561462402343750000000000000000000E+00    0.469756988525390625000000000000000000000000E+03
    0.435900926589965820312500000000000000000000E+00    0.450858123779296875000000000000000000000000E+03
    0.444706469774246215820312500000000000000000E+00    0.432834045410156250000000000000000000000000E+03
    0.453690379858016967773437500000000000000000E+00    0.415442596435546875000000000000000000000000E+03
    0.462855309247970581054687500000000000000000E+00    0.398639648437500000000000000000000000000000E+03
    0.472205787897109985351562500000000000000000E+00    0.382415679931640625000000000000000000000000E+03
    0.481744766235351562500000000000000000000000E+00    0.366760375976562500000000000000000000000000E+03
    0.491476893424987792968750000000000000000000E+00    0.351662872314453125000000000000000000000000E+03
    0.501405119895935058593750000000000000000000E+00    0.337111663818359375000000000000000000000000E+03
    0.511534392833709716796875000000000000000000E+00    0.323094879150390625000000000000000000000000E+03
    0.521867811679840087890625000000000000000000E+00    0.309600158691406250000000000000000000000000E+03
    0.532410502433776855468750000000000000000000E+00    0.296614898681640625000000000000000000000000E+03
    0.543165624141693115234375000000000000000000E+00    0.284126159667968750000000000000000000000000E+03
    0.554138541221618652343750000000000000000000E+00    0.272120849609375000000000000000000000000000E+03
    0.565332591533660888671875000000000000000000E+00    0.260585693359375000000000000000000000000000E+03
    0.576753377914428710937500000000000000000000E+00    0.249507293701171875000000000000000000000000E+03
    0.588404297828674316406250000000000000000000E+00    0.238872283935546875000000000000000000000000E+03
    0.600291073322296142578125000000000000000000E+00    0.228667190551757812500000000000000000000000E+03
    0.612418055534362792968750000000000000000000E+00    0.218878662109375000000000000000000000000000E+03
    0.624789416790008544921875000000000000000000E+00    0.209493331909179687500000000000000000000000E+03
    0.637411296367645263671875000000000000000000E+00    0.200496566772460937500000000000000000000000E+03
    0.650287508964538574218750000000000000000000E+00    0.191872619628906250000000000000000000000000E+03
    0.663424491882324218750000000000000000000000E+00    0.183606201171875000000000000000000000000000E+03
    0.676826238632202148437500000000000000000000E+00    0.175682708740234375000000000000000000000000E+03
    0.690499365329742431640625000000000000000000E+00    0.168088165283203125000000000000000000000000E+03
    0.704448044300079345703125000000000000000000E+00    0.160809112548828125000000000000000000000000E+03
    0.718679130077362060546875000000000000000000E+00    0.153832702636718750000000000000000000000000E+03
    0.733197033405303955078125000000000000000000E+00    0.147146591186523437500000000000000000000000E+03
    0.748008966445922851562500000000000000000000E+00    0.140738952636718750000000000000000000000000E+03
    0.763119339942932128906250000000000000000000E+00    0.134598434448242187500000000000000000000000E+03
    0.778535783290863037109375000000000000000000E+00    0.128714172363281250000000000000000000000000E+03
    0.794262826442718505859375000000000000000000E+00    0.123075736999511718750000000000000000000000E+03
    0.810308396816253662109375000000000000000000E+00    0.117673103332519531250000000000000000000000E+03
    0.826677322387695312500000000000000000000000E+00    0.112496696472167968750000000000000000000000E+03
    0.843377590179443359375000000000000000000000E+00    0.107537307739257812500000000000000000000000E+03
    0.860414624214172363281250000000000000000000E+00    0.102786102294921875000000000000000000000000E+03
    0.877796530723571777343750000000000000000000E+00    0.982346420288085937500000000000000000000000E+02
    0.895528674125671386718750000000000000000000E+00    0.938750457763671875000000000000000000000000E+02
    0.913619995117187500000000000000000000000000E+00    0.896998291015625000000000000000000000000000E+02
    0.932075977325439453125000000000000000000000E+00    0.857017669677734375000000000000000000000000E+02
    0.950905561447143554687500000000000000000000E+00    0.818738784790039062500000000000000000000000E+02
    0.970114648342132568359375000000000000000000E+00    0.782094268798828125000000000000000000000000E+02
    0.989712655544281005859375000000000000000000E+00    0.747019195556640625000000000000000000000000E+02
    0.100970673561096191406250000000000000000000E+01    0.713450775146484375000000000000000000000000E+02
    0.103010356426239013671875000000000000000000E+01    0.681328735351562500000000000000000000000000E+02
    0.105091357231140136718750000000000000000000E+01    0.650594558715820312500000000000000000000000E+02
    0.107214283943176269531250000000000000000000E+01    0.621192283630371093750000000000000000000000E+02
    0.109380209445953369140625000000000000000000E+01    0.593067626953125000000000000000000000000000E+02
    0.111589777469635009765625000000000000000000E+01    0.566168518066406250000000000000000000000000E+02
    0.113844096660614013671875000000000000000000E+01    0.540444679260253906250000000000000000000000E+02
    0.116143846511840820312500000000000000000000E+01    0.515847740173339843750000000000000000000000E+02
    0.118490147590637207031250000000000000000000E+01    0.492331199645996093750000000000000000000000E+02
    0.120883750915527343750000000000000000000000E+01    0.469850234985351562500000000000000000000000E+02
    0.123325824737548828125000000000000000000000E+01    0.448361549377441406250000000000000000000000E+02
    0.125817120075225830078125000000000000000000E+01    0.427823295593261718750000000000000000000000E+02
    0.128358840942382812500000000000000000000000E+01    0.408195075988769531250000000000000000000000E+02
    0.130951797962188720703125000000000000000000E+01    0.389438247680664062500000000000000000000000E+02
    0.133597266674041748046875000000000000000000E+01    0.371515655517578125000000000000000000000000E+02
    0.136296045780181884765625000000000000000000E+01    0.354391632080078125000000000000000000000000E+02
    0.139049470424652099609375000000000000000000E+01    0.338032035827636718750000000000000000000000E+02
    0.141858386993408203125000000000000000000000E+01    0.322404022216796875000000000000000000000000E+02
    0.144724178314208984375000000000000000000000E+01    0.307476158142089843750000000000000000000000E+02
    0.147647726535797119140625000000000000000000E+01    0.293218269348144531250000000000000000000000E+02
    0.150630474090576171875000000000000000000000E+01    0.279601421356201171875000000000000000000000E+02
    0.153673338890075683593750000000000000000000E+01    0.266597881317138671875000000000000000000000E+02
    0.156777822971343994140625000000000000000000E+01    0.254181022644042968750000000000000000000000E+02
    0.159944856166839599609375000000000000000000E+01    0.242325363159179687500000000000000000000000E+02
    0.163176035881042480468750000000000000000000E+01    0.231006450653076171875000000000000000000000E+02
    0.166472315788269042968750000000000000000000E+01    0.220200881958007812500000000000000000000000E+02
    0.169835364818572998046875000000000000000000E+01    0.209886188507080078125000000000000000000000E+02
    0.173266339302062988281250000000000000000000E+01    0.200040874481201171875000000000000000000000E+02
    0.176766479015350341796875000000000000000000E+01    0.190644378662109375000000000000000000000000E+02
    0.180337476730346679687500000000000000000000E+01    0.181676959991455078125000000000000000000000E+02
    0.183980441093444824218750000000000000000000E+01    0.173119754791259765625000000000000000000000E+02
    0.187697184085845947265625000000000000000000E+01    0.164954662322998046875000000000000000000000E+02
    0.191488826274871826171875000000000000000000E+01    0.157164325714111328125000000000000000000000E+02
    0.195357239246368408203125000000000000000000E+01    0.149732151031494140625000000000000000000000E+02
    0.199303627014160156250000000000000000000000E+01    0.142642240524291992187500000000000000000000E+02
    0.203329920768737792968750000000000000000000E+01    0.135879354476928710937500000000000000000000E+02
    0.207437348365783691406250000000000000000000E+01    0.129428920745849609375000000000000000000000E+02
    0.211627960205078125000000000000000000000000E+01    0.123276987075805664062500000000000000000000E+02
    0.215903019905090332031250000000000000000000E+01    0.117410173416137695312500000000000000000000E+02
    0.220264649391174316406250000000000000000000E+01    0.111815700531005859375000000000000000000000E+02
    0.224714183807373046875000000000000000000000E+01    0.106481323242187500000000000000000000000000E+02
    0.229253816604614257812500000000000000000000E+01    0.101395339965820312500000000000000000000000E+02
    0.233884930610656738281250000000000000000000E+01    0.965465354919433593750000000000000000000000E+01
    0.238609838485717773437500000000000000000000E+01    0.919241905212402343750000000000000000000000E+01
    0.243429946899414062500000000000000000000000E+01    0.875180339813232421875000000000000000000000E+01
    0.248347663879394531250000000000000000000000E+01    0.833182525634765625000000000000000000000000E+01
    0.253364515304565429687500000000000000000000E+01    0.793154430389404296875000000000000000000000E+01
    0.258482933044433593750000000000000000000000E+01    0.755006265640258789062500000000000000000000E+01
    0.263704514503479003906250000000000000000000E+01    0.718652248382568359375000000000000000000000E+01
    0.269031810760498046875000000000000000000000E+01    0.684010219573974609375000000000000000000000E+01
    0.274466466903686523437500000000000000000000E+01    0.651001834869384765625000000000000000000000E+01
    0.280011177062988281250000000000000000000000E+01    0.619552087783813476562500000000000000000000E+01
    0.285667920112609863281250000000000000000000E+01    0.589589309692382812500000000000000000000000E+01
    0.291438651084899902343750000000000000000000E+01    0.561045074462890625000000000000000000000000E+01
    0.297326231002807617187500000000000000000000E+01    0.533853960037231445312500000000000000000000E+01
    0.303332471847534179687500000000000000000000E+01    0.507953453063964843750000000000000000000000E+01
    0.309460353851318359375000000000000000000000E+01    0.483283948898315429687500000000000000000000E+01
    0.315711688995361328125000000000000000000000E+01    0.459788322448730468750000000000000000000000E+01
    0.322089648246765136718750000000000000000000E+01    0.437412166595458984375000000000000000000000E+01
    0.328596115112304687500000000000000000000000E+01    0.416103410720825195312500000000000000000000E+01
    0.335234355926513671875000000000000000000000E+01    0.395812439918518066406250000000000000000000E+01
    0.342006349563598632812500000000000000000000E+01    0.376491785049438476562500000000000000000000E+01
    0.348915529251098632812500000000000000000000E+01    0.358096122741699218750000000000000000000000E+01
    0.355963897705078125000000000000000000000000E+01    0.340582227706909179687500000000000000000000E+01
    0.363155031204223632812500000000000000000000E+01    0.323908805847167968750000000000000000000000E+01
    0.370491051673889160156250000000000000000000E+01    0.308036446571350097656250000000000000000000E+01
    0.377975654602050781250000000000000000000000E+01    0.292927551269531250000000000000000000000000E+01
    0.385611033439636230468750000000000000000000E+01    0.278546190261840820312500000000000000000000E+01
    0.393401122093200683593750000000000000000000E+01    0.264858174324035644531250000000000000000000E+01
    0.401348161697387695312500000000000000000000E+01    0.251830744743347167968750000000000000000000E+01
    0.409456062316894531250000000000000000000000E+01    0.239432764053344726562500000000000000000000E+01
    0.417727470397949218750000000000000000000000E+01    0.227634477615356445312500000000000000000000E+01
    0.426166296005249023437500000000000000000000E+01    0.216407465934753417968750000000000000000000E+01
    0.434775209426879882812500000000000000000000E+01    0.205724692344665527343750000000000000000000E+01
    0.443558454513549804687500000000000000000000E+01    0.195560324192047119140625000000000000000000E+01
    0.452518701553344726562500000000000000000000E+01    0.185889720916748046875000000000000000000000E+01
    0.461660432815551757812500000000000000000000E+01    0.176689374446868896484375000000000000000000E+01
    0.470986795425415039062500000000000000000000E+01    0.167936909198760986328125000000000000000000E+01
    0.480501127243041992187500000000000000000000E+01    0.159610927104949951171875000000000000000000E+01
    0.490208053588867187500000000000000000000000E+01    0.151691055297851562500000000000000000000000E+01
    0.500110673904418945312500000000000000000000E+01    0.144157886505126953125000000000000000000000E+01
    0.510213851928710937500000000000000000000000E+01    0.136992883682250976562500000000000000000000E+01
    0.520520591735839843750000000000000000000000E+01    0.130178391933441162109375000000000000000000E+01
    0.531036043167114257812500000000000000000000E+01    0.123697602748870849609375000000000000000000E+01
    0.541763401031494140625000000000000000000000E+01    0.117534470558166503906250000000000000000000E+01
    0.552708053588867187500000000000000000000000E+01    0.111673712730407714843750000000000000000000E+01
    0.563873195648193359375000000000000000000000E+01    0.106100761890411376953125000000000000000000E+01
    0.575264453887939453125000000000000000000000E+01    0.100801753997802734375000000000000000000000E+01
    0.586885261535644531250000000000000000000000E+01    0.957634568214416503906250000000000000000000E+00
    0.598741388320922851562500000000000000000000E+01    0.909732699394226074218750000000000000000000E+00
    0.610836458206176757812500000000000000000000E+01    0.864192008972167968750000000000000000000000E+00
    0.623176479339599609375000000000000000000000E+01    0.820898056030273437500000000000000000000000E+00
    0.635765171051025390625000000000000000000000E+01    0.779742002487182617187500000000000000000000E+00
    0.648608779907226562500000000000000000000000E+01    0.740620017051696777343750000000000000000000E+00
    0.661711215972900390625000000000000000000000E+01    0.703433334827423095703125000000000000000000E+00
    0.675078964233398437500000000000000000000000E+01    0.668087780475616455078125000000000000000000E+00
    0.688716173171997070312500000000000000000000E+01    0.634493649005889892578125000000000000000000E+00
    0.702629423141479492187500000000000000000000E+01    0.602565646171569824218750000000000000000000E+00
    0.716823101043701171875000000000000000000000E+01    0.572222471237182617187500000000000000000000E+00
    0.731304264068603515625000000000000000000000E+01    0.543386697769165039062500000000000000000000E+00
    0.746077251434326171875000000000000000000000E+01    0.515984654426574707031250000000000000000000E+00
    0.761149358749389648437500000000000000000000E+01    0.489946186542510986328125000000000000000000E+00
    0.776525115966796875000000000000000000000000E+01    0.465204477310180664062500000000000000000000E+00
    0.792212390899658203125000000000000000000000E+01    0.441695958375930786132812500000000000000000E+00
    0.808216571807861328125000000000000000000000E+01    0.419360101222991943359375000000000000000000E+00
    0.824543190002441406250000000000000000000000E+01    0.398139357566833496093750000000000000000000E+00
    0.841200447082519531250000000000000000000000E+01    0.377978831529617309570312500000000000000000E+00
    0.858193302154541015625000000000000000000000E+01    0.358826398849487304687500000000000000000000E+00
    0.875530433654785156250000000000000000000000E+01    0.340632379055023193359375000000000000000000E+00
    0.893216896057128906250000000000000000000000E+01    0.323349535465240478515625000000000000000000E+00
    0.911261463165283203125000000000000000000000E+01    0.306932896375656127929687500000000000000000E+00
    0.929669761657714843750000000000000000000000E+01    0.291339635848999023437500000000000000000000E+00
    0.948450660705566406250000000000000000000000E+01    0.276529073715209960937500000000000000000000E+00
    0.967610168457031250000000000000000000000000E+01    0.262462437152862548828125000000000000000000E+00
    0.987157726287841796875000000000000000000000E+01    0.249102920293807983398437500000000000000000E+00
    0.100709915161132812500000000000000000000000E+02    0.236415416002273559570312500000000000000000E+00
    0.102744436264038085937500000000000000000000E+02    0.224366590380668640136718750000000000000000E+00
    0.104819955825805664062500000000000000000000E+02    0.212924748659133911132812500000000000000000E+00
    0.106937503814697265625000000000000000000000E+02    0.202059701085090637207031250000000000000000E+00
    0.109097728729248046875000000000000000000000E+02    0.191742777824401855468750000000000000000000E+00
    0.111301708221435546875000000000000000000000E+02    0.181946665048599243164062500000000000000000E+00
    0.113550090789794921875000000000000000000000E+02    0.172645434737205505371093750000000000000000E+00
    0.115844011306762695312500000000000000000000E+02    0.163814410567283630371093750000000000000000E+00
    0.118184156417846679687500000000000000000000E+02    0.155430138111114501953125000000000000000000E+00
    0.120571689605712890625000000000000000000000E+02    0.147470280528068542480468750000000000000000E+00
    0.123007345199584960937500000000000000000000E+02    0.139913648366928100585937500000000000000000E+00
    0.125492305755615234375000000000000000000000E+02    0.132740065455436706542968750000000000000000E+00
    0.128027353286743164062500000000000000000000E+02    0.125930353999137878417968750000000000000000E+00
    0.130613737106323242187500000000000000000000E+02    0.119466282427310943603515625000000000000000E+00
    0.133252372741699218750000000000000000000000E+02    0.113330535590648651123046875000000000000000E+00
    0.135944185256958007812500000000000000000000E+02    0.107506625354290008544921875000000000000000E+00
    0.138690500259399414062500000000000000000000E+02    0.101978890597820281982421875000000000000000E+00
    0.141492166519165039062500000000000000000000E+02    0.967324599623680114746093750000000000000000E-01
    0.144350557327270507812500000000000000000000E+02    0.917531847953796386718750000000000000000000E-01
    0.147266559600830078125000000000000000000000E+02    0.870276242494583129882812500000000000000000E-01
    0.150241622924804687500000000000000000000000E+02    0.825429931282997131347656250000000000000000E-01
    0.153276624679565429687500000000000000000000E+02    0.782871544361114501953125000000000000000000E-01
    0.156373090744018554687500000000000000000000E+02    0.742485672235488891601562500000000000000000E-01
    0.159531946182250976562500000000000000000000E+02    0.704162716865539550781250000000000000000000E-01
    0.162754783630371093750000000000000000000000E+02    0.667798519134521484375000000000000000000000E-01
    0.166042575836181640625000000000000000000000E+02    0.633294060826301574707031250000000000000000E-01
    0.169396934509277343750000000000000000000000E+02    0.600555241107940673828125000000000000000000E-01
    0.172818889617919921875000000000000000000000E+02    0.569492802023887634277343750000000000000000E-01
    0.176310138702392578125000000000000000000000E+02    0.540021844208240509033203125000000000000000E-01
    0.179871768951416015625000000000000000000000E+02    0.512061640620231628417968750000000000000000E-01
    0.183505496978759765625000000000000000000000E+02    0.485535562038421630859375000000000000000000E-01
    0.187212448120117187500000000000000000000000E+02    0.460370853543281555175781250000000000000000E-01
    0.190994472503662109375000000000000000000000E+02    0.436498336493968963623046875000000000000000E-01
    0.194852733612060546875000000000000000000000E+02    0.413852371275424957275390625000000000000000E-01
    0.198789100646972656250000000000000000000000E+02    0.392370522022247314453125000000000000000000E-01
    0.202804813385009765625000000000000000000000E+02    0.371993631124496459960937500000000000000000E-01
    0.206901836395263671875000000000000000000000E+02    0.352665372192859649658203125000000000000000E-01
    0.211081428527832031250000000000000000000000E+02    0.334332399070262908935546875000000000000000E-01
    0.215345649719238281250000000000000000000000E+02    0.316943898797035217285156250000000000000000E-01
    0.219696025848388671875000000000000000000000E+02    0.300451721996068954467773437500000000000000E-01
    0.224134063720703125000000000000000000000000E+02    0.284810122102499008178710937500000000000000E-01
    0.228661975860595703125000000000000000000000E+02    0.269975680857896804809570312500000000000000E-01
    0.233281154632568359375000000000000000000000E+02    0.255907140672206878662109375000000000000000E-01
    0.237993831634521484375000000000000000000000E+02    0.242565348744392395019531250000000000000000E-01
    0.242801532745361328125000000000000000000000E+02    0.229913126677274703979492187500000000000000E-01
    0.247706546783447265625000000000000000000000E+02    0.217915158718824386596679687500000000000000E-01
    0.252710437774658203125000000000000000000000E+02    0.206537954509258270263671875000000000000000E-01
    0.257815628051757812500000000000000000000000E+02    0.195749662816524505615234375000000000000000E-01
    0.263023719787597656250000000000000000000000E+02    0.185520127415657043457031250000000000000000E-01
    0.268337268829345703125000000000000000000000E+02    0.175820644944906234741210937500000000000000E-01
    0.273757934570312500000000000000000000000000E+02    0.166624002158641815185546875000000000000000E-01
    0.279288330078125000000000000000000000000000E+02    0.157904382795095443725585937500000000000000E-01
    0.284930171966552734375000000000000000000000E+02    0.149637255817651748657226562500000000000000E-01
    0.290686283111572265625000000000000000000000E+02    0.141799366101622581481933593750000000000000E-01
    0.296558399200439453125000000000000000000000E+02    0.134368622675538063049316406250000000000000E-01
    0.302549400329589843750000000000000000000000E+02    0.127324061468243598937988281250000000000000E-01
    0.308661155700683593750000000000000000000000E+02    0.120645798742771148681640625000000000000000E-01
    0.314896678924560546875000000000000000000000E+02    0.114314956590533256530761718750000000000000E-01
    0.321257820129394531250000000000000000000000E+02    0.108313625678420066833496093750000000000000E-01
    0.327747840881347656250000000000000000000000E+02    0.102624800056219100952148437500000000000000E-01
    0.334368629455566406250000000000000000000000E+02    0.972323585301637649536132812500000000000000E-02
    0.341123466491699218750000000000000000000000E+02    0.921209808439016342163085937500000000000000E-02
    0.348014411926269531250000000000000000000000E+02    0.872761569917201995849609375000000000000000E-02
    0.355044975280761718750000000000000000000000E+02    0.826840847730636596679687500000000000000000E-02
    0.362217178344726562500000000000000000000000E+02    0.783316977322101593017578125000000000000000E-02
    0.369534606933593750000000000000000000000000E+02    0.742065813392400741577148437500000000000000E-02
    0.376999855041503906250000000000000000000000E+02    0.702969590201973915100097656250000000000000E-02
    0.384615592956542968750000000000000000000000E+02    0.665916688740253448486328125000000000000000E-02
    0.392385520935058593750000000000000000000000E+02    0.630801217630505561828613281250000000000000E-02
    0.400312004089355468750000000000000000000000E+02    0.597522640600800514221191406250000000000000E-02
    0.408399047851562500000000000000000000000000E+02    0.565985636785626411437988281250000000000000E-02
    0.416649055480957031250000000000000000000000E+02    0.536099821329116821289062500000000000000000E-02
    0.425066108703613281250000000000000000000000E+02    0.507779419422149658203125000000000000000000E-02
    0.433652801513671875000000000000000000000000E+02    0.480943126603960990905761718750000000000000E-02
    0.442413406372070312500000000000000000000000E+02    0.455513829365372657775878906250000000000000E-02
    0.451350479125976562500000000000000000000000E+02    0.431418279185891151428222656250000000000000E-02
    0.460468597412109375000000000000000000000000E+02    0.408587092533707618713378906250000000000000E-02
    0.469770469665527343750000000000000000000000E+02    0.386954518035054206848144531250000000000000E-02
    0.479260635375976562500000000000000000000000E+02    0.366458110511302947998046875000000000000000E-02
    0.488942108154296875000000000000000000000000E+02    0.347038637846708297729492187500000000000000E-02
    0.498819656372070312500000000000000000000000E+02    0.328639918006956577301025390625000000000000E-02
    0.508896217346191406250000000000000000000000E+02    0.311208725906908512115478515625000000000000E-02
    0.519176826477050781250000000000000000000000E+02    0.294694537296891212463378906250000000000000E-02
    0.529664611816406250000000000000000000000000E+02    0.279049482196569442749023437500000000000000E-02
    0.540364799499511718750000000000000000000000E+02    0.264228158630430698394775390625000000000000E-02
    0.551280593872070312500000000000000000000000E+02    0.250187516212463378906250000000000000000000E-02
    0.562417488098144531250000000000000000000000E+02    0.236886763013899326324462890625000000000000E-02
    0.573778800964355468750000000000000000000000E+02    0.224287202581763267517089843750000000000000E-02
    0.585370178222656250000000000000000000000000E+02    0.212352140806615352630615234375000000000000E-02
    0.597195167541503906250000000000000000000000E+02    0.201046816073358058929443359375000000000000E-02
    0.609259529113769531250000000000000000000000E+02    0.190338259562849998474121093750000000000000E-02
    0.621567726135253906250000000000000000000000E+02    0.180195213761180639266967773437500000000000E-02
    0.634123916625976562500000000000000000000000E+02    0.170588050968945026397705078125000000000000E-02
    0.646934356689453125000000000000000000000000E+02    0.161488680168986320495605468750000000000000E-02
    0.660002975463867187500000000000000000000000E+02    0.152870477177202701568603515625000000000000E-02
    0.673336257934570312500000000000000000000000E+02    0.144708203151822090148925781250000000000000E-02
    0.686938171386718750000000000000000000000000E+02    0.136977888178080320358276367187500000000000E-02
    0.700815582275390625000000000000000000000000E+02    0.129656819626688957214355468750000000000000E-02
    0.714972610473632812500000000000000000000000E+02    0.122723483946174383163452148437500000000000E-02
    0.729416351318359375000000000000000000000000E+02    0.116157496813684701919555664062500000000000E-02
    0.744151153564453125000000000000000000000000E+02    0.109939521644264459609985351562500000000000E-02
    0.759184341430664062500000000000000000000000E+02    0.104051246307790279388427734375000000000000E-02
    0.774520568847656250000000000000000000000000E+02    0.984753249213099479675292968750000000000000E-03
    0.790167236328125000000000000000000000000000E+02    0.931952963583171367645263671875000000000000E-03
    0.806129302978515625000000000000000000000000E+02    0.881955900695174932479858398437500000000000E-03
    0.822414550781250000000000000000000000000000E+02    0.834614329505711793899536132812500000000000E-03
    0.839028015136718750000000000000000000000000E+02    0.789788377005606889724731445312500000000000E-03
    0.855977935791015625000000000000000000000000E+02    0.747345329727977514266967773437500000000000E-03
    0.873269348144531250000000000000000000000000E+02    0.707159633748233318328857421875000000000000E-03
    0.890910949707031250000000000000000000000000E+02    0.669112196192145347595214843750000000000000E-03
    0.908908081054687500000000000000000000000000E+02    0.633090210612863302230834960937500000000000E-03
    0.927269744873046875000000000000000000000000E+02    0.598986749537289142608642578125000000000000E-03
    0.946001358032226562500000000000000000000000E+02    0.566700357012450695037841796875000000000000E-03
    0.965112304687500000000000000000000000000000E+02    0.536134932190179824829101562500000000000000E-03
    0.984608383178710937500000000000000000000000E+02    0.507199380081146955490112304687500000000000E-03
    0.100449920654296875000000000000000000000000E+03    0.479807320516556501388549804687500000000000E-03
    0.102479194641113281250000000000000000000000E+03    0.453877029940485954284667968750000000000000E-03
    0.104549354553222656250000000000000000000000E+03    0.429331150371581315994262695312500000000000E-03
    0.106661445617675781250000000000000000000000E+03    0.406096281949430704116821289062500000000000E-03
    0.108816093444824218750000000000000000000000E+03    0.384103041142225265502929687500000000000000E-03
    0.111014373779296875000000000000000000000000E+03    0.363285565981641411781311035156250000000000E-03
    0.113256958007812500000000000000000000000000E+03    0.343581574270501732826232910156250000000000E-03
    0.115544944763183593750000000000000000000000E+03    0.324932072544470429420471191406250000000000E-03
    0.117879058837890625000000000000000000000000E+03    0.307281094137579202651977539062500000000000E-03
    0.120260421752929687500000000000000000000000E+03    0.290575699182227253913879394531250000000000E-03
    0.122689781188964843750000000000000000000000E+03    0.274765741778537631034851074218750000000000E-03
    0.125168350219726562500000000000000000000000E+03    0.259803695371374487876892089843750000000000E-03
    0.127696846008300781250000000000000000000000E+03    0.245644565438851714134216308593750000000000E-03
    0.130276565551757812500000000000000000000000E+03    0.232245685765519738197326660156250000000000E-03
    0.132908248901367187500000000000000000000000E+03    0.219566572923213243484497070312500000000000E-03
    0.135593231201171875000000000000000000000000E+03    0.207568868063390254974365234375000000000000E-03
    0.138332336425781250000000000000000000000000E+03    0.196216220501810312271118164062500000000000E-03
    0.141126892089843750000000000000000000000000E+03    0.185474258614704012870788574218750000000000E-03
    0.143977767944335937500000000000000000000000E+03    0.175310400663875043392181396484375000000000E-03
    0.146886383056640625000000000000000000000000E+03    0.165693854796700179576873779296875000000000E-03
    0.149853607177734375000000000000000000000000E+03    0.156595415319316089153289794921875000000000E-03
    0.152880935668945312500000000000000000000000E+03    0.147987491800449788570404052734375000000000E-03
    0.155969253540039062500000000000000000000000E+03    0.139843890792690217494964599609375000000000E-03
    0.159120101928710937500000000000000000000000E+03    0.132139874040149152278900146484375000000000E-03
    0.162334472656250000000000000000000000000000E+03    0.124851998407393693923950195312500000000000E-03
    0.165613922119140625000000000000000000000000E+03    0.117958057671785354614257812500000000000000E-03
    0.168959625244140625000000000000000000000000E+03    0.111437038867734372615814208984375000000000E-03
    0.172372741699218750000000000000000000000000E+03    0.105269034975208342075347900390625000000000E-03
    0.175854980468750000000000000000000000000000E+03    0.994352085399441421031951904296875000000000E-04
    0.179407409667968750000000000000000000000000E+03    0.939177043619565665721893310546875000000000E-04
    0.183031753540039062500000000000000000000000E+03    0.886996203917078673839569091796875000000000E-04
    0.186729156494140625000000000000000000000000E+03    0.837648913147859275341033935546875000000000E-04
    0.190501419067382812500000000000000000000000E+03    0.790983103797771036624908447265625000000000E-04
    0.194349700927734375000000000000000000000000E+03    0.746854930184781551361083984375000000000000E-04
    0.198275924682617187500000000000000000000000E+03    0.705128259141929447650909423828125000000000E-04
    0.202281250000000000000000000000000000000000E+03    0.665674233459867537021636962890625000000000E-04
    0.206367706298828125000000000000000000000000E+03    0.628370908088982105255126953125000000000000E-04
    0.210536499023437500000000000000000000000000E+03    0.593102849961724132299423217773437500000000E-04
    0.214789718627929687500000000000000000000000E+03    0.559760883334092795848846435546875000000000E-04
    0.219128646850585937500000000000000000000000E+03    0.528241616848390549421310424804687500000000E-04
    0.223555450439453125000000000000000000000000E+03    0.498447188874706625938415527343750000000000E-04
    0.228071472167968750000000000000000000000000E+03    0.470284940092824399471282958984375000000000E-04
    0.232678924560546875000000000000000000000000E+03    0.443667267973069101572036743164062500000000E-04
    0.237379211425781250000000000000000000000000E+03    0.418511081079486757516860961914062500000000E-04
    0.242174713134765625000000000000000000000000E+03    0.394737871829420328140258789062500000000000E-04
    0.247066848754882812500000000000000000000000E+03    0.372273243556264787912368774414062500000000E-04
    0.252058044433593750000000000000000000000000E+03    0.351046764990314841270446777343750000000000E-04
    0.257149810791015625000000000000000000000000E+03    0.330991751980036497116088867187500000000000E-04
    0.262344726562500000000000000000000000000000E+03    0.312045049213338643312454223632812500000000E-04
    0.267644287109375000000000000000000000000000E+03    0.294146939268102869391441345214843750000000E-04
    0.273051177978515625000000000000000000000000E+03    0.277240778814302757382392883300781250000000E-04
    0.278567047119140625000000000000000000000000E+03    0.261273016803897917270660400390625000000000E-04
    0.284194610595703125000000000000000000000000E+03    0.246192921622423455119132995605468750000000E-04
    0.289935882568359375000000000000000000000000E+03    0.231952490139519795775413513183593750000000E-04
    0.295792785644531250000000000000000000000000E+03    0.218506265809992328286170959472656250000000E-04
    0.301768341064453125000000000000000000000000E+03    0.205811211344553157687187194824218750000000E-04
    0.307864318847656250000000000000000000000000E+03    0.193826581380562856793403625488281250000000E-04
    0.314083740234375000000000000000000000000000E+03    0.182513813342666253447532653808593750000000E-04
    0.320428497314453125000000000000000000000000E+03    0.171836400113534182310104370117187500000000E-04
    0.326901702880859375000000000000000000000000E+03    0.161759726324817165732383728027343750000000E-04
    0.333505401611328125000000000000000000000000E+03    0.152251122926827520132064819335937500000000E-04
    0.340242828369140625000000000000000000000000E+03    0.143279576150234788656234741210937500000000E-04
    0.347116027832031250000000000000000000000000E+03    0.134815754790906794369220733642578125000000E-04
    0.354128387451171875000000000000000000000000E+03    0.126831946545280516147613525390625000000000E-04
    0.361282073974609375000000000000000000000000E+03    0.119302121674991212785243988037109375000000E-04
    0.368580627441406250000000000000000000000000E+03    0.112201751107932068407535552978515625000000E-04
    0.376026275634765625000000000000000000000000E+03    0.105507533589843660593032836914062500000000E-04
    0.383622650146484375000000000000000000000000E+03    0.991973320196848362684249877929687500000000E-05
    0.391372161865234375000000000000000000000000E+03    0.932501734496327117085456848144531250000000E-05
    0.399278594970703125000000000000000000000000E+03    0.876461490406654775142669677734375000000000E-05
    0.407344360351562500000000000000000000000000E+03    0.823663776827743276953697204589843750000000E-05
    0.415573425292968750000000000000000000000000E+03    0.773929423303343355655670166015625000000000E-05
    0.423968383789062500000000000000000000000000E+03    0.727088945495779626071453094482421875000000E-05
    0.432533294677734375000000000000000000000000E+03    0.682981271893368102610111236572265625000000E-05
    0.441270843505859375000000000000000000000000E+03    0.641454107608296908438205718994140625000000E-05
    0.450185302734375000000000000000000000000000E+03    0.602362979407189413905143737792968750000000E-05
    0.459279449462890625000000000000000000000000E+03    0.565571190236369147896766662597656250000000E-05
    0.468557678222656250000000000000000000000000E+03    0.530949182575568556785583496093750000000000E-05
    0.478023437500000000000000000000000000000000E+03    0.498374447488458827137947082519531250000000E-05
    0.487679901123046875000000000000000000000000E+03    0.467730933451093733310699462890625000000000E-05
    0.497531890869140625000000000000000000000000E+03    0.438909455624525435268878936767578125000000E-05
    0.507582427978515625000000000000000000000000E+03    0.411808468925300985574722290039062500000000E-05
    0.517836547851562500000000000000000000000000E+03    0.386331794288707897067070007324218750000000E-05
    0.528297302246093750000000000000000000000000E+03    0.362387982022482901811599731445312500000000E-05
    0.538969848632812500000000000000000000000000E+03    0.339890198119974229484796524047851562500000E-05
    0.549857482910156250000000000000000000000000E+03    0.318755996886466164141893386840820312500000E-05
    0.560965576171875000000000000000000000000000E+03    0.298907116302871145308017730712890625000000E-05
    0.572297607421875000000000000000000000000000E+03    0.280269387076259590685367584228515625000000E-05
    0.583859008789062500000000000000000000000000E+03    0.262772505266184452921152114868164062500000E-05
    0.595653442382812500000000000000000000000000E+03    0.246349895860475953668355941772460937500000E-05
    0.607686706542968750000000000000000000000000E+03    0.230938530876301229000091552734375000000000E-05
    0.619962463378906250000000000000000000000000E+03    0.216478747461223974823951721191406250000000E-05
    0.632486877441406250000000000000000000000000E+03    0.202914134206366725265979766845703125000000E-05
    0.645263610839843750000000000000000000000000E+03    0.190191417459573131054639816284179687500000E-05
    0.658299133300781250000000000000000000000000E+03    0.178260211214364971965551376342773437500000E-05
    0.671597290039062500000000000000000000000000E+03    0.167072937529155751690268516540527343750000E-05
    0.685164794921875000000000000000000000000000E+03    0.156584701471729204058647155761718750000000E-05
    0.699005676269531250000000000000000000000000E+03    0.146752825003204634413123130798339843750000E-05
    0.713126892089843750000000000000000000000000E+03    0.137536756028566742315888404846191406250000E-05
    0.727532653808593750000000000000000000000000E+03    0.128898386719811242073774337768554687500000E-05
    0.742230102539062500000000000000000000000000E+03    0.120801894354372052475810050964355468750000E-05
    0.757223754882812500000000000000000000000000E+03    0.113213638996967347338795661926269531250000E-05
    0.772521057128906250000000000000000000000000E+03    0.106102038444078061729669570922851562500000E-05
    0.788127380371093750000000000000000000000000E+03    0.994374317997426260262727737426757812500000E-06
    0.804048156738281250000000000000000000000000E+03    0.931919544200354721397161483764648437500000E-06
    0.820291442871093750000000000000000000000000E+03    0.873394526479387423023581504821777343750000E-06
    0.836861999511718750000000000000000000000000E+03    0.818553871795302256941795349121093750000000E-06
    0.853768066406250000000000000000000000000000E+03    0.767167193771456368267536163330078125000000E-06
    0.871014953613281250000000000000000000000000E+03    0.719018260042503243312239646911621093750000E-06
    0.888611083984375000000000000000000000000000E+03    0.673904196446528658270835876464843750000000E-06
    0.906562561035156250000000000000000000000000E+03    0.631634577530348906293511390686035156250000E-06
    0.924875000000000000000000000000000000000000E+03    0.592030971802159911021590232849121093750000E-06
    0.943559204101562500000000000000000000000000E+03    0.554925691176322288811206817626953125000000E-06
    0.962620788574218750000000000000000000000000E+03    0.520161506756267044693231582641601562500000E-06
    0.982067504882812500000000000000000000000000E+03    0.487589602471416583284735679626464843750000E-06
    0.100190509033203125000000000000000000000000E+04    0.457069916137697873637080192565917968750000E-06
    0.102214538574218750000000000000000000000000E+04    0.428471594204893335700035095214843750000000E-06
    0.104279455566406250000000000000000000000000E+04    0.401672224370486219413578510284423828125000E-06
    0.106386083984375000000000000000000000000000E+04    0.376557380832309718243777751922607421875000E-06
    0.108535070800781250000000000000000000000000E+04    0.353019999010939500294625759124755859375000E-06
    0.110727673339843750000000000000000000000000E+04    0.330959949224052252247929573059082031250000E-06
    0.112964575195312500000000000000000000000000E+04    0.310283553517365362495183944702148437500000E-06
    0.115246667480468750000000000000000000000000E+04    0.290903130917286034673452377319335937500000E-06
    0.117574621582031250000000000000000000000000E+04    0.272736741635526414029300212860107421875000E-06
    0.119949841308593750000000000000000000000000E+04    0.255707590213205548934638500213623046875000E-06
    0.122373059082031250000000000000000000000000E+04    0.239743883412302238866686820983886718750000E-06
    0.124845202636718750000000000000000000000000E+04    0.224778418100868293549865484237670898437500E-06
    0.127367065429687500000000000000000000000000E+04    0.210748282825079513713717460632324218750000E-06
    0.129940112304687500000000000000000000000000E+04    0.197594559381286671850830316543579101562500E-06
